# blastn
# Iteration: 0
# Query: RNess (18,928 bp)
# RID: SA060U4M114
# Database: n/a
# Fields: query acc.ver, subject acc.ver, % identity, alignment length, mismatches, gap opens, q. start, q. end, s. start, s. end, evalue, bit score
# 29 hits found
RNess	ST398.gb	99.263	3255	24	0	101	3355	1	3255	0.0	5879
RNess	ST398.gb	88.428	2290	224	30	11796	14063	9279	11549	0.0	2723
RNess	ST398.gb	93.887	1505	89	3	17341	18844	11864	13366	0.0	2266
RNess	ST398.gb	88.709	1541	148	24	8137	9665	9781	11307	0.0	1858
RNess	ST398.gb	97.510	723	18	0	9587	10309	8381	9103	0.0	1236
RNess	ST398.gb	96.769	681	22	0	13028	13708	6787	7467	0.0	1136
RNess	ST398.gb	95.147	680	33	0	8872	9551	6787	7466	0.0	1074
RNess	ST398.gb	84.771	1090	128	27	10195	11278	11308	12365	0.0	1059
RNess	ST398.gb	85.117	1028	136	15	10774	11793	9280	10298	0.0	1035
RNess	ST398.gb	80.521	1037	163	32	11285	12299	9279	10298	0.0	760
RNess	ST398.gb	78.156	1204	207	39	14107	15292	9133	10298	0.0	715
RNess	ST398.gb	78.633	1039	184	33	15806	16825	9279	10298	0.0	654
RNess	ST398.gb	78.337	1034	191	29	15297	16314	9282	10298	0.0	638
RNess	ST398.gb	82.676	710	115	7	14071	14776	11660	12365	5.34e-180	623
RNess	ST398.gb	88.889	504	53	3	15297	15799	11864	12365	2.48e-178	617
RNess	ST398.gb	77.767	1030	196	30	16830	17843	9282	10294	6.96e-174	603
RNess	ST398.gb	87.352	506	58	5	14785	15288	11864	12365	1.52e-165	575
RNess	ST398.gb	76.767	1033	210	27	14785	15803	9282	10298	2.56e-158	551
RNess	ST398.gb	84.356	505	75	4	10780	11282	9796	10298	1.57e-140	492
RNess	ST398.gb	83.432	507	83	1	12304	12810	9282	9787	7.36e-134	470
RNess	ST398.gb	83.065	496	76	8	8165	8656	9296	9787	4.46e-126	444
RNess	ST398.gb	82.283	508	79	9	16830	17332	11864	12365	1.25e-121	429
RNess	ST398.gb	79.961	514	80	19	11796	12295	11861	12365	5.98e-100	357
RNess	ST398.gb	78.226	496	91	16	8165	8652	11879	12365	2.84e-83	302
RNess	ST398.gb	77.647	510	99	11	12304	12806	11864	12365	1.32e-81	296
RNess	ST398.gb	93.671	79	5	0	13743	13821	8381	8459	3.07e-28	119
RNess	ST398.gb	80.282	142	28	0	10590	10731	9138	9279	6.65e-25	108
RNess	ST398.gb	91.935	62	3	2	10347	10407	12623	12683	3.12e-18	86.1
RNess	ST398.gb	94.231	52	3	0	13982	14033	12632	12683	1.45e-16	80.5


