HMMER3/f [3.3.2 | Nov 2020]
NAME  tsaI
LENG  207
ALPH  amino
RF    no
MM    no
CONS  yes
CS    no
MAP   yes
DATE  Fri Nov 26 18:27:03 2021
NSEQ  1458
EFFN  1.282001
CKSUM 877121373
STATS LOCAL MSV      -10.6320  0.70494
STATS LOCAL VITERBI  -11.4115  0.70494
STATS LOCAL FORWARD   -5.0384  0.70494
HMM          A        C        D        E        F        G        H        I        K        L        M        N        P        Q        R        S        T        V        W        Y   
            m->m     m->i     m->d     i->m     i->i     d->m     d->d
  COMPO   2.73545  4.20997  3.35403  2.93903  2.91412  3.39968  3.92247  2.36090  2.66027  2.18352  3.35797  3.00471  3.62244  3.28809  3.16006  2.80871  2.89708  2.42563  4.30976  3.22036
          2.68625  4.42232  2.77527  2.73112  3.46360  2.40519  3.72501  3.29350  2.67740  2.69362  4.24472  2.90352  2.73747  3.18151  2.89806  2.37893  2.77514  2.98516  4.58483  3.61504
          0.24129  1.75919  3.16530  0.76779  0.62370  0.00000        *
      1   2.77521  4.31562  3.94866  3.44778  3.27959  3.63246  3.99266  2.58423  3.27257  1.81021  1.58990  3.72900  4.19479  3.58665  3.50038  3.11842  3.00816  2.45634  4.88072  3.65666     16 m - - -
          2.68618  4.42225  2.77519  2.73123  3.46354  2.40513  3.72494  3.29354  2.67741  2.69355  4.24690  2.90347  2.73739  3.18146  2.89801  2.37887  2.77519  2.98518  4.58477  3.61503
          0.02089  4.27489  4.99723  0.61958  0.77255  0.48757  0.95223
      2   3.07168  4.49788  4.51735  3.70926  3.21760  4.23668  4.53016  2.25006  3.79589  0.92228  2.90925  4.19796  4.52506  4.00500  3.96097  3.52727  3.30401  2.25070  5.08119  3.86078     17 l - - -
          2.68618  4.42225  2.77519  2.73123  3.46354  2.40513  3.72494  3.29354  2.67741  2.69355  4.24690  2.90346  2.73739  3.18146  2.89801  2.37887  2.77519  2.98518  4.58477  3.61503
          0.04992  4.23805  3.37380  0.61469  0.77829  0.50568  0.92405
      3   2.64733  1.55875  3.85537  3.25233  3.10105  3.61723  3.99747  2.72787  3.17207  2.46858  3.42698  3.40317  4.07290  3.48753  3.42634  2.93090  2.91495  2.51602  4.77636  3.37894     19 c - - -
          2.68618  4.42225  2.77519  2.73123  3.46354  2.40513  3.72494  3.29354  2.67741  2.69355  4.24690  2.90347  2.73739  3.18146  2.89801  2.37887  2.77519  2.98518  4.58477  3.61503
          0.02103  4.26798  4.99032  0.61958  0.77255  0.51284  0.91327
      4   2.88635  5.38824  2.25376  1.18700  4.69516  3.38107  3.76850  4.11740  2.64393  3.68581  4.39919  2.63293  3.91654  2.91708  3.18492  2.81573  2.93555  3.76505  5.84648  4.40039     20 e - - -
          2.68618  4.42225  2.77519  2.73123  3.46354  2.40513  3.72494  3.29354  2.67741  2.69355  4.24690  2.90347  2.73739  3.18146  2.89801  2.37887  2.77519  2.98518  4.58477  3.61503
          0.02074  4.28167  5.00402  0.61958  0.77255  0.50002  0.93272
      5   2.62093  4.33876  3.59216  3.07052  3.43532  3.59048  3.97635  2.54186  3.01192  2.59779  3.51760  3.43760  4.02324  3.31867  3.35652  1.75782  2.52599  2.06224  5.02629  3.79555     21 s - - -
          2.68618  4.42225  2.77519  2.73123  3.46354  2.40513  3.72494  3.29354  2.67741  2.69355  4.24690  2.90347  2.73739  3.18146  2.89801  2.37887  2.77519  2.98518  4.58477  3.61503
          0.02051  4.29291  5.01526  0.61958  0.77255  0.50601  0.92356
      6   2.68051  4.96723  3.03552  2.22870  4.24438  3.48116  3.53569  3.25011  1.80565  3.23395  3.99615  2.93483  3.86806  2.78281  2.27206  2.68221  2.90654  3.32285  4.65307  3.65162     22 k - - -
          2.68618  4.42225  2.77519  2.73123  3.46354  2.40513  3.72494  3.29354  2.67741  2.69355  4.24690  2.90347  2.73739  3.18146  2.89801  2.37887  2.77519  2.98518  4.58477  3.61503
          0.02071  4.29464  4.98314  0.61958  0.77255  0.50548  0.92436
      7   2.42360  4.28991  3.61499  3.05376  3.42431  3.61601  3.87533  2.16950  2.98936  2.49833  3.26888  2.91960  4.01746  2.96747  3.31087  2.77009  2.86625  1.92412  4.88859  3.66586     23 v - - -
          2.68618  4.42225  2.77519  2.73123  3.46354  2.40513  3.72494  3.29354  2.67741  2.69355  4.24690  2.90347  2.73739  3.18146  2.89801  2.37887  2.77519  2.98518  4.58477  3.61503
          0.02046  4.29533  5.01767  0.61958  0.77255  0.50027  0.93234
      8   3.19808  4.45126  5.07781  4.56706  3.62459  4.66221  5.22495  0.83537  4.44703  2.09919  3.43329  4.76242  4.94386  4.68302  4.61798  4.04977  3.52074  1.64760  5.66589  4.47835     24 i - - -
          2.68618  4.42225  2.77519  2.73123  3.46354  2.40513  3.72494  3.29354  2.67741  2.69355  4.24690  2.90347  2.73739  3.18146  2.89801  2.37887  2.77519  2.98518  4.58477  3.61503
          0.02040  4.29814  5.02048  0.61958  0.77255  0.49635  0.93840
      9   2.69569  4.86791  2.86410  2.51061  3.95377  3.49124  3.50096  3.38658  2.52274  3.12002  3.90453  1.76174  3.89853  2.87774  2.92974  2.72077  2.92647  3.20387  5.27492  2.78784     25 n - - -
          2.68618  4.42225  2.77519  2.73123  3.46354  2.40513  3.72494  3.29354  2.67741  2.69355  4.24690  2.90347  2.73739  3.18146  2.89801  2.37887  2.77519  2.98518  4.58477  3.61503
          0.02034  4.30097  5.02331  0.61958  0.77255  0.49887  0.93450
     10   3.13475  5.34214  3.22881  2.79683  4.78425  3.71347  3.78060  4.17359  0.89363  3.62024  4.48777  3.20334  4.14212  2.70474  2.35810  3.14019  3.35715  3.83342  5.66296  4.44593     26 k - - -
          2.68618  4.42225  2.77519  2.73123  3.46354  2.40513  3.72494  3.29354  2.67741  2.69355  4.24690  2.90347  2.73739  3.18146  2.89801  2.37887  2.77519  2.98518  4.58477  3.61503
          0.02209  4.30097  4.79186  0.61958  0.77255  0.49887  0.93450
     11   2.85678  4.95892  2.83188  2.67936  4.32012  3.39371  4.01929  3.79962  2.81472  3.60009  4.50590  0.95757  4.02140  3.24669  3.22080  2.88943  3.21702  3.56809  5.65167  4.23202     27 n - - -
          2.68618  4.42225  2.77519  2.73123  3.46354  2.40513  3.72494  3.29354  2.67741  2.69355  4.24690  2.90347  2.73739  3.18146  2.89801  2.37887  2.77519  2.98518  4.58477  3.61503
          0.02038  4.29925  5.02160  0.61958  0.77255  0.49667  0.93791
     12   2.30963  4.14595  3.67759  3.28161  4.09421  3.21728  4.27005  3.49857  3.19644  3.21347  4.07714  3.48482  1.06967  3.53787  3.50141  2.60982  2.90681  3.10387  5.57514  4.33416     28 p - - -
          2.68618  4.42225  2.77519  2.73123  3.46354  2.40513  3.72494  3.29354  2.67741  2.69355  4.24690  2.90347  2.73739  3.18146  2.89801  2.37887  2.77519  2.98518  4.58477  3.61503
          0.02034  4.30126  5.02361  0.61958  0.77255  0.49846  0.93513
     13   3.24548  5.37692  3.71227  2.96244  4.87536  3.85340  3.72988  4.17729  0.98948  3.50352  4.46435  3.32978  4.19746  2.84268  1.71289  3.22674  3.39116  3.87506  5.60743  4.46233     29 k - - -
          2.68618  4.42225  2.77519  2.73123  3.46354  2.40513  3.72494  3.29354  2.67741  2.69355  4.24690  2.90347  2.73739  3.18146  2.89801  2.37887  2.77519  2.98518  4.58477  3.61503
          0.02034  4.30126  5.02361  0.61958  0.77255  0.49846  0.93513
     14   3.54672  4.93942  4.22297  3.95720  2.30252  4.21136  3.63621  3.67717  3.77323  3.08559  4.27504  3.99135  4.65824  4.02844  3.92856  3.45695  3.83353  3.51708  3.96181  0.66578     30 Y - - -
          2.68618  4.42225  2.77519  2.73123  3.46354  2.40513  3.72494  3.29354  2.67741  2.69355  4.24690  2.90347  2.73739  3.18146  2.89801  2.37887  2.77519  2.98518  4.58477  3.61503
          0.02034  4.30126  5.02361  0.61958  0.77255  0.49846  0.93513
     15   3.16514  5.30084  3.48295  2.89805  4.77130  3.75031  3.72831  4.09197  1.65749  3.55309  4.40609  3.30771  4.15265  2.85968  1.09014  3.15339  3.32919  3.79126  5.57393  4.41363     31 r - - -
          2.68618  4.42225  2.77519  2.73123  3.46354  2.40513  3.72494  3.29354  2.67741  2.69355  4.24690  2.90347  2.73739  3.18146  2.89801  2.37887  2.77519  2.98518  4.58477  3.61503
          0.02034  4.30126  5.02361  0.61958  0.77255  0.49846  0.93513
     16   3.24491  4.29067  5.14222  4.62469  3.72987  4.68596  5.23852  1.02110  4.52508  2.25252  3.23615  4.79259  4.95410  4.74440  4.67808  4.06649  3.49799  1.26486  5.67413  4.48987     32 i - - -
          2.68618  4.42225  2.77519  2.73123  3.46354  2.40513  3.72494  3.29354  2.67741  2.69355  4.24690  2.90347  2.73739  3.18146  2.89801  2.37887  2.77519  2.98518  4.58477  3.61503
          0.01994  4.32091  5.04325  0.61958  0.77255  0.49633  0.93843
     17   3.22343  4.55400  4.94253  4.47708  3.71652  4.52571  5.15081  0.80150  4.32271  2.26085  3.54038  4.49531  4.88018  4.61758  4.50322  3.93301  3.50369  1.65971  5.66236  4.42410     33 i - - -
          2.68618  4.42225  2.77519  2.73123  3.46354  2.40513  3.72494  3.29354  2.67741  2.69355  4.24690  2.90347  2.73739  3.18146  2.89801  2.37887  2.77519  2.98518  4.58477  3.61503
          0.02535  4.32182  4.44380  0.61958  0.77255  0.49009  0.94822
     18   3.07518  5.33378  3.36308  2.56657  4.78476  3.72215  3.70769  4.15598  1.09855  3.57930  4.40425  3.20637  4.09033  2.39201  2.13711  3.04412  3.25176  3.79865  5.61229  4.40037     34 k - - -
          2.68618  4.42225  2.77519  2.73123  3.46354  2.40513  3.72494  3.29354  2.67741  2.69355  4.24690  2.90347  2.73739  3.18146  2.89801  2.37887  2.77519  2.98518  4.58477  3.61503
          0.01997  4.31957  5.04191  0.61958  0.77255  0.50035  0.93221
     19   3.08436  4.70005  3.86659  3.37900  2.67980  3.95589  3.24079  2.91872  2.99634  2.81657  3.82155  3.65656  4.33063  3.52881  3.38472  3.26263  3.31170  3.02997  4.28754  1.08293     35 y - - -
          2.68618  4.42225  2.77519  2.73123  3.46354  2.40513  3.72494  3.29354  2.67741  2.69355  4.24690  2.90347  2.73739  3.18146  2.89801  2.37887  2.77519  2.98518  4.58477  3.61503
          0.01997  4.31957  5.04191  0.61958  0.77255  0.48809  0.95140
     20   2.84173  5.36133  2.17714  2.23060  4.67684  3.11522  3.67780  4.16763  2.18028  3.65430  4.43119  1.64773  3.90497  2.86056  3.09448  2.65502  3.08427  3.73301  5.80079  4.36246     36 n - - -
          2.68618  4.42225  2.77519  2.73123  3.46354  2.40513  3.72494  3.29354  2.67741  2.69355  4.24690  2.90347  2.73739  3.18146  2.89801  2.37887  2.77519  2.98518  4.58477  3.61503
          0.01986  4.32487  5.04722  0.61958  0.77255  0.49284  0.94389
     21   2.75189  4.90639  1.69699  2.27266  4.51976  3.06352  3.70781  3.99192  2.51076  3.30127  4.28007  2.26018  3.87476  2.82953  3.01848  2.50393  2.99789  3.58292  5.67017  4.25993     37 d - - -
          2.68618  4.42225  2.77519  2.73123  3.46354  2.40513  3.72494  3.29354  2.67741  2.69355  4.24690  2.90347  2.73739  3.18146  2.89801  2.37887  2.77519  2.98518  4.58477  3.61503
          0.02016  4.32487  5.00296  0.61958  0.77255  0.49284  0.94389
     22   2.86408  5.33520  2.47551  1.19622  4.64896  3.34527  3.76064  4.12530  2.54249  3.62658  4.41737  2.89817  3.92401  2.85885  2.74816  2.68164  3.11271  3.69530  5.78042  4.34481     38 e - - -
          2.68618  4.42225  2.77519  2.73123  3.46354  2.40513  3.72494  3.29354  2.67741  2.69355  4.24690  2.90347  2.73739  3.18146  2.89801  2.37887  2.77519  2.98518  4.58477  3.61503
          0.01986  4.32458  5.04692  0.61958  0.77255  0.49325  0.94324
     23   4.01407  5.21641  4.82077  4.58053  1.96986  4.64249  3.60997  3.75884  4.40821  3.03606  4.33783  4.29353  4.96915  4.38077  4.43081  4.04750  4.24497  3.68165  3.77475  0.57890     39 Y - - -
          2.68618  4.42225  2.77519  2.73123  3.46354  2.40513  3.72494  3.29354  2.67741  2.69355  4.24690  2.90347  2.73739  3.18146  2.89801  2.37887  2.77519  2.98518  4.58477  3.61503
          0.01986  4.32458  5.04692  0.61958  0.77255  0.49258  0.94431
     24   3.59704  4.89224  5.15319  4.64499  2.21885  4.77904  4.78587  2.45874  4.49001  0.69697  3.03586  4.79366  4.95232  4.51275  4.54238  4.12172  3.81823  2.63604  4.95392  3.59444     40 l - - -
          2.68618  4.42225  2.77519  2.73123  3.46354  2.40513  3.72494  3.29354  2.67741  2.69355  4.24690  2.90347  2.73739  3.18146  2.89801  2.37887  2.77519  2.98518  4.58477  3.61503
          0.01986  4.32487  5.04722  0.61958  0.77255  0.48909  0.94981
     25   3.45894  4.79770  5.00213  4.44126  3.22144  4.68822  4.98416  2.18699  4.25208  1.42719  1.11717  4.70049  4.88029  4.40065  4.37566  4.04262  3.68389  2.42771  5.30331  4.21743     41 m - - -
          2.68618  4.42225  2.77519  2.73123  3.46354  2.40513  3.72494  3.29354  2.67741  2.69355  4.24690  2.90347  2.73739  3.18146  2.89801  2.37887  2.77519  2.98518  4.58477  3.61503
          0.01983  4.32648  5.04882  0.61958  0.77255  0.48989  0.94854
     26   3.28411  4.55168  5.12926  4.71917  3.83914  4.76923  5.42096  1.08722  4.62684  2.31793  3.61453  4.89689  5.04754  4.88421  4.80305  4.17712  3.56158  1.06589  5.85237  4.63844     42 v - - -
          2.68618  4.42225  2.77519  2.73123  3.46354  2.40513  3.72494  3.29354  2.67741  2.69355  4.24690  2.90347  2.73739  3.18146  2.89801  2.37887  2.77519  2.98518  4.58477  3.61503
          0.01982  4.32676  5.04910  0.61958  0.77255  0.49014  0.94814
     27   3.09510  5.62165  0.91362  2.28999  4.92802  3.37932  3.94115  4.48208  2.94090  3.98038  4.83146  2.52417  4.01491  3.11063  3.20212  2.99094  3.39143  4.04824  6.11718  4.57757     43 d - - -
          2.68618  4.42225  2.77519  2.73123  3.46354  2.40513  3.72494  3.29354  2.67741  2.69355  4.24690  2.90347  2.73739  3.18146  2.89801  2.37887  2.77519  2.98518  4.58477  3.61503
          0.01982  4.32676  5.04910  0.61958  0.77255  0.49014  0.94814
     28   3.19173  4.53030  4.89090  4.31763  3.26349  4.44033  4.76270  1.72652  4.14869  1.03216  3.11696  4.49517  4.69573  4.30556  4.27633  3.77184  3.41982  1.97929  5.16592  3.60517     44 l - - -
          2.68618  4.42225  2.77519  2.73123  3.46354  2.40513  3.72494  3.29354  2.67741  2.69355  4.24690  2.90347  2.73739  3.18146  2.89801  2.37887  2.77519  2.98518  4.58477  3.61503
          0.01982  4.32676  5.04910  0.61958  0.77255  0.49014  0.94814
     29   2.44507  4.21846  4.11961  3.38581  3.38476  3.84284  4.18688  1.83839  3.44757  2.31433  3.35716  3.79956  4.21852  3.69646  3.66923  2.93803  2.62786  1.56322  4.92781  3.72676     45 v - - -
          2.68618  4.42225  2.77519  2.73123  3.46354  2.40513  3.72494  3.29354  2.67741  2.69355  4.24690  2.90347  2.73739  3.18146  2.89801  2.37887  2.77519  2.98518  4.58477  3.61503
          0.01982  4.32676  5.04910  0.61958  0.77255  0.49014  0.94814
     30   2.72476  4.93442  2.90064  2.54482  4.41029  3.18154  3.83082  3.84050  2.61211  3.42585  4.23799  2.66757  3.91910  2.68404  2.94273  1.31455  3.01804  3.46268  5.62247  4.28013     46 s - - -
          2.68618  4.42225  2.77520  2.73123  3.46341  2.40513  3.72495  3.29354  2.67741  2.69355  4.24690  2.90347  2.73740  3.18147  2.89801  2.37887  2.77520  2.98519  4.58477  3.61503
          0.03974  3.42497  5.04910  0.51866  0.90465  0.49014  0.94814
     31   2.61021  4.66161  3.17319  2.72601  4.14482  3.38582  3.89499  3.50201  2.72682  3.01208  4.03177  2.20468  3.91042  3.08711  3.14277  2.44309  1.56147  3.18575  5.45420  4.15514     48 t - - -
          2.68618  4.42225  2.77519  2.73123  3.46354  2.40513  3.72494  3.29354  2.67741  2.69355  4.24690  2.90347  2.73739  3.18146  2.89801  2.37887  2.77519  2.98518  4.58477  3.61503
          0.01982  4.32676  5.04910  0.61958  0.77255  0.49014  0.94814
     32   3.06303  4.18088  4.24931  3.72262  2.63171  3.95162  3.84775  3.01155  3.46498  2.47235  3.65374  3.86710  4.39240  3.76512  3.55224  3.33437  3.30327  2.84746  1.19899  2.53522     49 w - - -
          2.68618  4.42225  2.77519  2.73123  3.46354  2.40513  3.72494  3.29354  2.67741  2.69355  4.24690  2.90347  2.73739  3.18146  2.89801  2.37887  2.77519  2.98518  4.58477  3.61503
          0.01982  4.32676  5.04910  0.61958  0.77255  0.49014  0.94814
     33   3.12738  4.47579  4.83411  4.25976  2.84761  4.33334  4.55709  1.40237  4.10878  1.30633  3.10712  4.38789  4.60707  4.22013  4.18891  3.65748  3.35316  2.32326  4.93561  3.10225     50 l - - -
          2.68618  4.42225  2.77519  2.73123  3.46354  2.40513  3.72494  3.29354  2.67741  2.69355  4.24690  2.90347  2.73739  3.18146  2.89801  2.37887  2.77519  2.98518  4.58477  3.61503
          0.02030  4.32676  4.97825  0.61958  0.77255  0.49014  0.94814
     34   2.29481  4.29219  3.71000  3.16316  3.22167  3.55548  4.01656  2.81222  3.09950  2.60548  3.51371  3.48157  4.01783  3.39117  3.41310  2.11380  2.32484  1.83077  5.00857  3.78978     51 v - - -
          2.68618  4.42225  2.77519  2.73123  3.46354  2.40513  3.72494  3.29354  2.67741  2.69355  4.24690  2.90347  2.73739  3.18146  2.89801  2.37887  2.77519  2.98518  4.58477  3.61503
          0.01983  4.32629  5.04863  0.61958  0.77255  0.48972  0.94881
     35   3.36766  4.60729  4.78324  4.31694  1.87928  4.37633  3.91946  2.90918  4.15473  1.37674  3.52380  4.24473  4.67661  4.19861  4.20938  3.70630  3.58969  2.87967  4.13020  1.52010     52 l - - -
          2.68618  4.42225  2.77519  2.73123  3.46354  2.40513  3.72494  3.29354  2.67741  2.69355  4.24690  2.90347  2.73739  3.18146  2.89801  2.37887  2.77519  2.98518  4.58477  3.61503
          0.01982  4.32676  5.04910  0.61958  0.77255  0.49014  0.94814
     36   3.48398  4.79571  5.00625  4.49161  1.03287  4.63293  4.48716  2.38640  4.33513  1.59745  3.01025  4.58515  4.85158  4.39116  4.40952  3.98109  3.70549  2.59820  4.69924  3.21620     53 f - - -
          2.68618  4.42225  2.77519  2.73123  3.46354  2.40513  3.72494  3.29354  2.67741  2.69355  4.24690  2.90347  2.73739  3.18146  2.89801  2.37887  2.77519  2.98518  4.58477  3.61503
          0.01982  4.32676  5.04910  0.61958  0.77255  0.49014  0.94814
     37   2.97831  3.45543  4.74293  4.16082  1.63241  4.16851  4.44256  2.05205  3.99924  1.54515  3.13698  4.25534  4.48031  4.12611  4.07028  3.47584  3.20962  2.27216  4.87123  3.64016     54 l - - -
          2.68618  4.42225  2.77519  2.73123  3.46354  2.40513  3.72494  3.29354  2.67741  2.69355  4.24690  2.90347  2.73739  3.18146  2.89801  2.37887  2.77519  2.98518  4.58477  3.61503
          0.01982  4.32676  5.04910  0.61958  0.77255  0.49014  0.94814
     38   2.71487  4.63168  3.52821  3.39889  4.48916  3.33600  4.53196  4.01264  3.47683  3.65467  4.66843  3.62792  0.67995  3.85448  3.73897  2.83391  3.19807  3.55554  5.84427  4.58534     55 P - - -
          2.68618  4.42225  2.77519  2.73123  3.46354  2.40513  3.72494  3.29354  2.67741  2.69355  4.24690  2.90347  2.73739  3.18146  2.89801  2.37887  2.77519  2.98518  4.58477  3.61503
          0.01982  4.32676  5.04910  0.61958  0.77255  0.49014  0.94814
     39   3.34605  4.62796  4.97534  4.41120  1.62463  4.53719  4.66378  2.42837  4.26181  1.51530  1.64722  4.56402  4.75735  4.32637  4.33365  3.87178  3.56513  2.56349  4.94395  3.66463     56 l - - -
          2.68618  4.42225  2.77519  2.73123  3.46354  2.40513  3.72494  3.29354  2.67741  2.69355  4.24690  2.90347  2.73739  3.18146  2.89801  2.37887  2.77519  2.98518  4.58477  3.61503
          0.01982  4.32676  5.04910  0.61958  0.77255  0.49014  0.94814
     40   3.42736  4.69111  5.23086  4.68434  3.28919  4.81357  5.20116  0.97179  4.56011  1.47845  2.94421  4.88965  4.99154  4.66209  4.65681  4.18434  3.65873  2.02337  5.46897  4.36895     57 i - - -
          2.68618  4.42225  2.77519  2.73123  3.46354  2.40513  3.72494  3.29354  2.67741  2.69355  4.24690  2.90347  2.73739  3.18146  2.89801  2.37887  2.77519  2.98518  4.58477  3.61503
          0.01982  4.32676  5.04910  0.61958  0.77255  0.49014  0.94814
     41   3.12677  5.15465  2.91593  2.88769  4.60652  3.51159  4.31593  4.40136  3.27481  4.00509  4.95017  0.61752  4.19181  3.58686  3.65610  3.17233  3.52601  3.96720  5.86695  4.51635     58 N - - -
          2.68618  4.42225  2.77519  2.73123  3.46354  2.40513  3.72494  3.29354  2.67741  2.69355  4.24690  2.90347  2.73739  3.18146  2.89801  2.37887  2.77519  2.98518  4.58477  3.61503
          0.01982  4.32676  5.04910  0.61958  0.77255  0.49014  0.94814
     42   3.69220  4.99302  4.59021  4.29113  2.93745  4.10597  4.22808  3.80382  3.90266  3.17175  4.42768  4.34961  4.69540  4.31992  3.89611  3.88387  4.01327  3.67373  0.52698  2.91921     59 W - - -
          2.68618  4.42225  2.77519  2.73123  3.46354  2.40513  3.72494  3.29354  2.67741  2.69355  4.24690  2.90347  2.73739  3.18146  2.89801  2.37887  2.77519  2.98518  4.58477  3.61503
          0.01982  4.32676  5.04910  0.61958  0.77255  0.49014  0.94814
     43   2.95054  4.40824  4.34175  3.83062  1.49684  3.42691  4.11082  2.65571  3.69320  1.54221  3.35510  3.94694  4.37242  3.89305  3.85003  3.31224  3.19978  2.55037  4.56372  3.10442     60 f - - -
          2.68618  4.42225  2.77519  2.73123  3.46354  2.40513  3.72494  3.29354  2.67741  2.69355  4.24690  2.90347  2.73739  3.18146  2.89801  2.37887  2.77519  2.98518  4.58477  3.61503
          0.01982  4.32676  5.04910  0.61958  0.77255  0.49014  0.94814
     44   3.16111  4.48250  4.89527  4.36814  3.68864  4.49838  5.01469  0.93507  4.24778  2.18113  3.46898  4.56766  4.81086  4.49987  4.43061  3.83330  2.92861  1.61311  5.55749  4.36652     61 i - - -
          2.68618  4.42225  2.77519  2.73123  3.46354  2.40513  3.72494  3.29354  2.67741  2.69355  4.24690  2.90347  2.73739  3.18146  2.89801  2.37887  2.77519  2.98518  4.58477  3.61503
          0.01982  4.32676  5.04910  0.61958  0.77255  0.49014  0.94814
     45   2.64540  4.57097  3.46915  3.31651  4.47244  3.28631  4.46053  3.90235  3.37265  3.56436  4.55740  3.55048  0.77247  3.73078  3.64568  2.79815  2.96942  3.45526  5.84557  4.58500     62 p - - -
          2.68618  4.42225  2.77519  2.73123  3.46354  2.40513  3.72494  3.29354  2.67741  2.69355  4.24690  2.90347  2.73739  3.18146  2.89801  2.37887  2.77519  2.98518  4.58477  3.61503
          0.01982  4.32676  5.04910  0.61958  0.77255  0.49014  0.94814
     46   2.97471  5.03925  3.46224  2.84791  4.27376  3.71774  3.79450  3.36338  1.04215  3.14358  3.54455  3.28748  4.10247  2.94372  2.51533  3.02389  3.18394  3.31038  5.45818  4.20522     63 k - - -
          2.68618  4.42225  2.77519  2.73123  3.46354  2.40513  3.72494  3.29354  2.67741  2.69355  4.24690  2.90347  2.73739  3.18146  2.89801  2.37887  2.77519  2.98518  4.58477  3.61503
          0.01982  4.32676  5.04910  0.61958  0.77255  0.49014  0.94814
     47   2.93621  5.24277  3.25537  2.51429  4.64112  3.64205  3.68933  4.01268  1.40904  3.49949  4.30670  2.97758  4.01662  2.80219  1.82946  2.91403  2.68476  3.66969  5.58747  4.31683     64 k - - -
          2.68618  4.42225  2.77519  2.73123  3.46354  2.40513  3.72494  3.29354  2.67741  2.69355  4.24690  2.90347  2.73739  3.18146  2.89801  2.37887  2.77519  2.98518  4.58477  3.61503
          0.01982  4.32676  5.04910  0.61958  0.77255  0.49014  0.94814
     48   2.93813  3.59021  4.19316  3.68214  2.48299  3.41524  3.87706  2.93936  3.56444  2.60996  3.60584  3.82807  4.31563  3.77076  3.76091  3.22877  3.19427  2.74937  4.30516  1.13721     65 y - - -
          2.68618  4.42225  2.77519  2.73123  3.46354  2.40513  3.72494  3.29354  2.67741  2.69355  4.24690  2.90347  2.73739  3.18146  2.89801  2.37887  2.77519  2.98518  4.58477  3.61503
          0.01982  4.32676  5.04910  0.61958  0.77255  0.49014  0.94814
     49   1.94582  4.36248  4.47989  3.94938  3.64394  4.06571  4.63551  1.80593  3.85406  2.45043  3.55058  4.15940  4.49616  4.11336  4.07480  3.43076  3.05141  1.20449  5.34656  4.14024     66 v - - -
          2.68618  4.42225  2.77519  2.73123  3.46354  2.40513  3.72494  3.29354  2.67741  2.69355  4.24690  2.90347  2.73739  3.18146  2.89801  2.37887  2.77519  2.98518  4.58477  3.61503
          0.01982  4.32676  5.04910  0.61958  0.77255  0.49014  0.94814
     50   2.93787  5.19958  3.18332  2.41408  4.55470  3.63003  3.71424  3.44929  1.15058  3.44555  4.27006  3.12798  4.02176  2.67431  2.49212  2.92558  3.14078  3.59947  5.56921  4.29354     67 k - - -
          2.68618  4.42225  2.77519  2.73123  3.46354  2.40513  3.72494  3.29354  2.67741  2.69355  4.24690  2.90347  2.73739  3.18146  2.89801  2.37887  2.77519  2.98518  4.58477  3.61503
          0.01982  4.32676  5.04910  0.61958  0.77255  0.49014  0.94814
     51   3.36918  4.64950  5.11798  4.62065  3.54956  4.74170  5.22114  0.85113  4.45333  1.75119  3.37326  4.77099  4.99311  4.68609  4.60056  4.14029  3.62275  1.84742  5.58844  4.39295     68 i - - -
          2.68618  4.42225  2.77519  2.73123  3.46354  2.40513  3.72494  3.29354  2.67741  2.69355  4.24690  2.90347  2.73739  3.18146  2.89801  2.37887  2.77519  2.98518  4.58477  3.61503
          0.01982  4.32676  5.04910  0.61958  0.77255  0.49014  0.94814
     52   2.42764  4.35356  3.61000  3.30018  4.49592  3.15045  4.37427  3.89049  3.31192  3.60508  4.43063  3.35407  3.88967  3.63323  3.60826  0.88855  2.25583  3.36791  5.82950  4.60085     69 s - - -
          2.68618  4.42225  2.77519  2.73123  3.46354  2.40513  3.72494  3.29354  2.67741  2.69355  4.24690  2.90347  2.73739  3.18146  2.89801  2.37887  2.77519  2.98518  4.58477  3.61503
          0.02007  4.32676  5.01136  0.61958  0.77255  0.49014  0.94814
     53   2.72078  5.14075  2.99676  2.03634  4.47942  3.46422  3.63038  3.93210  1.94138  3.42495  4.19060  2.96326  3.87352  2.45844  2.11340  2.57577  2.94409  3.29143  5.56000  3.94744     70 k - - -
          2.68618  4.42225  2.77519  2.73123  3.46354  2.40513  3.72494  3.29354  2.67741  2.69355  4.24690  2.90347  2.73739  3.18146  2.89801  2.37887  2.77519  2.98518  4.58477  3.61503
          0.01983  4.32651  5.04886  0.61958  0.77255  0.48992  0.94849
     54   2.84319  5.32325  2.69722  1.51321  4.65721  3.45045  3.72600  4.13038  1.93266  3.61112  4.39061  2.44104  3.91805  2.75752  2.92294  2.61657  3.08215  3.71312  5.74372  4.34057     71 e - - -
          2.68618  4.42225  2.77519  2.73123  3.46354  2.40513  3.72494  3.29354  2.67741  2.69355  4.24690  2.90347  2.73739  3.18146  2.89801  2.37887  2.77519  2.98518  4.58477  3.61503
          0.01982  4.32676  5.04910  0.61958  0.77255  0.49014  0.94814
     55   3.14516  5.77714  1.75998  0.97659  5.06025  3.38930  3.94137  4.59695  2.92740  4.07158  4.92263  2.84128  4.01932  3.10590  3.56325  3.01314  3.43504  4.15112  6.21822  4.68798     72 e - - -
          2.68618  4.42225  2.77519  2.73123  3.46354  2.40513  3.72494  3.29354  2.67741  2.69355  4.24690  2.90347  2.73739  3.18146  2.89801  2.37887  2.77519  2.98518  4.58477  3.61503
          0.01982  4.32676  5.04910  0.61958  0.77255  0.49014  0.94814
     56   3.35819  4.68329  4.76449  4.30008  1.11329  4.36056  3.89238  2.92925  4.13967  1.97617  3.56243  4.22344  4.66624  4.18575  4.19701  3.68927  3.58092  2.64214  4.08323  1.96135     73 f - - -
          2.68618  4.42225  2.77519  2.73123  3.46354  2.40513  3.72494  3.29354  2.67741  2.69355  4.24690  2.90347  2.73739  3.18146  2.89801  2.37887  2.77519  2.98518  4.58477  3.61503
          0.01982  4.32676  5.04910  0.61958  0.77255  0.49014  0.94814
     57   3.07305  5.67708  1.95130  1.02253  4.97568  3.37537  3.90051  4.50230  2.88519  3.97872  4.80815  2.71444  3.99222  3.05654  3.48506  2.70658  3.35533  4.05812  6.13109  4.61896     74 e - - -
          2.68618  4.42225  2.77519  2.73123  3.46354  2.40513  3.72494  3.29354  2.67741  2.69355  4.24690  2.90347  2.73739  3.18146  2.89801  2.37887  2.77519  2.98518  4.58477  3.61503
          0.01982  4.32676  5.04910  0.61958  0.77255  0.49014  0.94814
     58   2.67388  5.11306  2.72413  2.28345  4.43104  3.43466  3.64005  3.89698  2.11320  3.40658  4.16615  2.07238  3.83928  2.74933  2.77667  2.33981  2.65105  3.28530  5.56332  4.16981     75 n - - -
          2.68618  4.42225  2.77519  2.73123  3.46354  2.40513  3.72494  3.29354  2.67741  2.69355  4.24690  2.90347  2.73739  3.18146  2.89801  2.37887  2.77519  2.98518  4.58477  3.61503
          0.01982  4.32676  5.04910  0.61958  0.77255  0.49014  0.94814
     59   3.53285  4.85285  5.09415  4.57991  3.23625  4.76009  5.09143  2.07708  4.36622  0.65533  3.05955  4.81913  4.96042  4.52082  4.47146  4.08870  3.77012  2.38794  5.35033  4.22584     76 L - - -
          2.68618  4.42225  2.77519  2.73123  3.46354  2.40513  3.72494  3.29354  2.67741  2.69355  4.24690  2.90347  2.73739  3.18146  2.89801  2.37887  2.77519  2.98518  4.58477  3.61503
          0.01982  4.32676  5.04910  0.61958  0.77255  0.49014  0.94814
     60   2.99866  5.36920  2.31037  2.37488  4.74623  3.39304  3.94017  4.21117  2.79519  3.82044  4.67082  1.01812  4.00409  3.11548  3.38313  2.89638  3.30603  3.85887  5.96564  4.51582     77 n - - -
          2.68618  4.42225  2.77519  2.73123  3.46354  2.40513  3.72494  3.29354  2.67741  2.69355  4.24690  2.90347  2.73739  3.18146  2.89801  2.37887  2.77519  2.98518  4.58477  3.61503
          0.01982  4.32676  5.04910  0.61958  0.77255  0.49014  0.94814
     61   3.02161  4.42789  4.66097  4.14125  3.68823  4.25806  4.81945  1.11945  4.02915  2.36121  3.54091  4.34356  4.64067  4.29410  4.23424  3.61762  2.19983  1.64788  5.46517  4.26454     78 i - - -
          2.68618  4.42225  2.77519  2.73123  3.46354  2.40513  3.72494  3.29354  2.67741  2.69355  4.24690  2.90347  2.73739  3.18146  2.89801  2.37887  2.77519  2.98518  4.58477  3.61503
          0.01982  4.32676  5.04910  0.61958  0.77255  0.49014  0.94814
     62   2.80653  4.25114  3.64624  3.70653  2.48231  3.95228  4.26747  2.20009  3.59679  2.23732  3.12804  3.92810  4.30425  3.81993  3.78767  3.24933  3.04205  1.29917  4.92095  3.69693     79 v - - -
          2.68618  4.42225  2.77519  2.73123  3.46354  2.40513  3.72494  3.29354  2.67741  2.69355  4.24690  2.90347  2.73739  3.18146  2.89801  2.37887  2.77519  2.98518  4.58477  3.61503
          0.01980  4.32760  5.04994  0.61958  0.77255  0.49014  0.94814
     63   2.85756  5.22505  2.80321  2.38947  4.56475  3.52437  3.28899  4.00146  1.23519  3.49858  4.29626  3.00069  3.95251  2.83578  2.70794  2.80481  2.88352  3.62073  5.63089  4.28996     80 k - - -
          2.68618  4.42225  2.77519  2.73123  3.46354  2.40513  3.72494  3.29354  2.67741  2.69355  4.24690  2.90347  2.73739  3.18146  2.89801  2.37887  2.77519  2.98518  4.58477  3.61503
          0.03717  4.32760  3.75995  0.61958  0.77255  0.49014  0.94814
     64   2.68823  4.84086  2.93963  2.61955  4.34972  3.38949  3.88979  3.77435  2.68516  3.35808  4.21210  2.73959  1.42808  2.79076  3.08143  2.75053  2.74879  3.39721  5.60035  4.28194     81 p - - -
          2.68618  4.42225  2.77519  2.73123  3.46354  2.40513  3.72494  3.29354  2.67741  2.69355  4.24690  2.90347  2.73739  3.18146  2.89801  2.37887  2.77519  2.98518  4.58477  3.61503
          0.02102  4.31058  4.91003  0.61958  0.77255  0.51404  0.91149
     65   2.02117  4.58856  3.23080  2.67876  3.77592  3.16733  3.77031  3.02609  2.53493  2.83725  3.69614  2.79227  3.92078  2.84646  3.07284  2.74917  2.72275  2.22343  5.15335  3.87445     82 a - - -
          2.68618  4.42225  2.77519  2.73123  3.46354  2.40513  3.72494  3.29354  2.67741  2.69355  4.24690  2.90347  2.73739  3.18146  2.89801  2.37887  2.77519  2.98518  4.58477  3.61503
          0.02016  4.30972  5.03207  0.61958  0.77255  0.51521  0.90975
     66   2.87595  5.25419  2.74560  2.47293  4.61880  3.33890  3.72093  4.05848  1.23029  3.54451  4.34321  2.61651  3.95660  2.84587  2.61513  2.83986  3.10405  3.66852  5.66635  4.32379     83 k - - -
          2.68618  4.42225  2.77520  2.73124  3.46354  2.40513  3.72495  3.29354  2.67741  2.69355  4.24690  2.90347  2.73740  3.18136  2.89801  2.37887  2.77520  2.98519  4.58477  3.61503
          0.06427  3.34070  3.61802  0.50900  0.91903  0.50896  0.91910
     67   2.73753  5.01782  2.95685  2.47580  4.31766  3.47984  3.69328  3.32378  2.07649  3.30382  4.10882  1.70442  3.89855  2.71825  2.81447  2.59375  2.95089  3.38036  5.49369  4.15228     85 n - - -
          2.68618  4.42225  2.77519  2.73123  3.46354  2.40513  3.72494  3.29354  2.67741  2.69355  4.24690  2.90347  2.73739  3.18146  2.89801  2.37887  2.77519  2.98518  4.58477  3.61503
          0.02053  4.29199  5.01433  0.61958  0.77255  0.53760  0.87743
     68   2.81935  5.16100  2.92719  2.48745  4.52628  3.49945  3.70569  3.96409  1.86955  3.45306  4.26715  1.69207  3.93310  2.83189  2.56567  2.51132  3.05138  3.58065  5.60618  4.26813     86 n - - -
          2.68618  4.42225  2.77519  2.73123  3.46354  2.40513  3.72494  3.29354  2.67741  2.69355  4.24690  2.90347  2.73739  3.18146  2.89801  2.37887  2.77519  2.98518  4.58477  3.61503
          0.02052  4.29263  5.01498  0.61958  0.77255  0.53821  0.87658
     69   2.07540  4.41485  3.39535  2.84633  3.62360  3.54349  3.84592  2.78626  2.69534  2.68887  3.57409  3.07717  3.95381  3.12775  3.19020  2.28512  2.65193  2.14313  5.04660  3.79734     87 a - - -
          2.68618  4.42225  2.77519  2.73123  3.46354  2.40513  3.72494  3.29354  2.67741  2.69355  4.24690  2.90347  2.73739  3.18146  2.89801  2.37887  2.77519  2.98518  4.58477  3.61503
          0.02074  4.29263  4.98277  0.61958  0.77255  0.53821  0.87658
     70   2.53586  4.18108  4.02329  3.44994  1.69750  3.75576  4.02898  2.37935  3.27091  2.13511  3.26200  3.69356  4.12666  3.41377  3.54059  2.89261  2.91128  2.39336  4.73139  3.45668     88 f - - -
          2.68620  4.42227  2.77522  2.73125  3.46356  2.40495  3.72497  3.29356  2.67743  2.69357  4.24692  2.90339  2.73742  3.18149  2.89803  2.37888  2.77522  2.98520  4.58479  3.61505
          0.16003  1.97711  4.66538  0.28182  1.40409  0.53849  0.87617
     71   3.13753  4.54776  4.36679  3.85364  2.74827  4.08008  4.01677  2.86563  3.54123  2.28654  2.92058  3.99631  4.46678  3.87217  3.71325  3.41548  3.39420  2.79888  1.16510  2.85688     90 w - - -
          2.68618  4.42225  2.77519  2.73123  3.46354  2.40513  3.72494  3.29354  2.67741  2.69355  4.24690  2.90347  2.73739  3.18146  2.89801  2.37887  2.77519  2.98518  4.58477  3.61503
          0.02057  4.29005  5.01240  0.61958  0.77255  0.54215  0.87107
     72   2.63127  4.41962  3.43642  2.87838  3.57355  3.57230  3.85582  2.76357  2.82870  2.55206  3.53487  3.30004  1.93818  3.14719  3.19967  2.66162  2.63801  2.56473  5.01834  3.45663     91 p - - -
          2.68619  4.42223  2.77520  2.73124  3.46352  2.40513  3.72495  3.29350  2.67740  2.69353  4.24689  2.90346  2.73740  3.18147  2.89801  2.37887  2.77520  2.98518  4.58477  3.61502
          0.04956  4.23505  3.38508  0.95628  0.48503  0.54215  0.87107
     73   2.20820  4.39341  4.58586  4.05264  3.64666  4.23852  4.74578  1.79782  3.95249  2.20704  3.50455  4.27946  4.60187  4.21523  4.17098  3.58358  3.26511  1.08906  5.40805  4.20293    168 v - - -
          2.68618  4.42225  2.77519  2.73123  3.46354  2.40513  3.72494  3.29354  2.67741  2.69355  4.24690  2.90347  2.73739  3.18146  2.89801  2.37887  2.77519  2.98518  4.58477  3.61503
          0.02115  4.26246  4.98480  0.61958  0.77255  0.51855  0.90482
     74   1.84541  4.22005  3.80787  3.23737  2.99105  3.00785  3.98907  2.30285  3.16110  2.26861  3.34279  3.55266  4.06320  3.42924  3.43877  2.94716  2.62149  2.33317  4.85060  3.64082    169 a - - -
          2.68618  4.42225  2.77519  2.73123  3.46354  2.40513  3.72494  3.29354  2.67741  2.69355  4.24690  2.90347  2.73739  3.18146  2.89801  2.37887  2.77519  2.98518  4.58477  3.61503
          0.02391  4.28964  4.61389  0.61958  0.77255  0.54269  0.87032
     75   2.09017  4.35589  3.45393  3.33379  4.65839  0.86644  4.50307  4.08008  3.53422  3.78735  4.61090  3.47609  3.87133  3.78880  3.80589  2.48822  2.92148  3.43776  5.99273  4.78301    170 g - - -
          2.68618  4.42225  2.77519  2.73123  3.46354  2.40513  3.72494  3.29354  2.67741  2.69355  4.24690  2.90347  2.73739  3.18146  2.89801  2.37887  2.77519  2.98518  4.58477  3.61503
          0.02065  4.28638  5.00872  0.61958  0.77255  0.54695  0.86445
     76   2.52590  4.33324  3.54675  3.00687  3.00631  2.61353  3.92105  2.33603  2.96194  2.60220  3.50836  3.37103  3.98258  3.26153  3.30088  1.92149  2.86288  2.63828  4.98396  3.74766    171 s - - -
          2.68618  4.42225  2.77519  2.73123  3.46354  2.40513  3.72494  3.29354  2.67741  2.69355  4.24690  2.90347  2.73739  3.18146  2.89801  2.37887  2.77519  2.98518  4.58477  3.61503
          0.02065  4.28638  5.00872  0.61958  0.77255  0.53964  0.87457
     77   2.41014  4.43235  3.42793  2.88956  3.76616  3.04069  3.90955  2.63506  2.85507  2.72356  3.68853  3.28729  3.91466  3.17547  3.23782  1.70744  2.37202  2.79976  5.16886  3.91783    172 s - - -
          2.68618  4.42225  2.77519  2.73123  3.46354  2.40513  3.72494  3.29354  2.67741  2.69355  4.24690  2.90347  2.73739  3.18146  2.89801  2.37887  2.77519  2.98518  4.58477  3.61503
          0.02058  4.28964  5.01198  0.61958  0.77255  0.54269  0.87032
     78   2.59798  4.26753  4.48685  3.91995  3.09367  4.06954  4.46594  1.85944  3.80447  2.20427  3.37394  4.10994  4.43064  4.02633  3.97627  3.39219  2.67240  1.23875  5.08774  3.89305    173 v - - -
          2.68618  4.42225  2.77519  2.73123  3.46354  2.40513  3.72494  3.29354  2.67741  2.69355  4.24690  2.90347  2.73739  3.18146  2.89801  2.37887  2.77519  2.98518  4.58477  3.61503
          0.02058  4.28964  5.01198  0.61958  0.77255  0.54269  0.87032
     79   3.11516  4.62799  4.43572  3.98817  3.37158  4.12588  4.67356  2.40896  3.76445  0.81006  3.24741  4.21848  4.55120  4.08636  3.94852  3.51206  2.87847  2.40974  5.28256  4.10306    174 l - - -
          2.68618  4.42225  2.77519  2.73123  3.46354  2.40513  3.72494  3.29354  2.67741  2.69355  4.24690  2.90347  2.73739  3.18146  2.89801  2.37887  2.77519  2.98518  4.58477  3.61503
          0.02058  4.28964  5.01198  0.61958  0.77255  0.54269  0.87032
     80   3.41511  4.72238  5.05558  4.50761  1.48029  4.62173  4.66637  2.17492  4.36015  1.15807  3.02887  4.63892  4.81900  4.35557  4.41561  3.96619  3.63238  2.51839  4.89295  3.54001    175 l - - -
          2.68618  4.42225  2.77519  2.73123  3.46354  2.40513  3.72494  3.29354  2.67741  2.69355  4.24690  2.90347  2.73739  3.18146  2.89801  2.37887  2.77519  2.98518  4.58477  3.61503
          0.02058  4.28964  5.01198  0.61958  0.77255  0.54269  0.87032
     81   1.91147  4.20812  3.63906  3.18155  4.16577  1.56674  4.18989  3.54897  3.15301  3.24360  4.08195  3.40617  3.86252  3.45143  3.49515  2.23772  2.39577  2.64172  5.53313  4.30686    176 g - - -
          2.68618  4.42225  2.77519  2.73123  3.46354  2.40513  3.72494  3.29354  2.67741  2.69355  4.24690  2.90347  2.73739  3.18146  2.89801  2.37887  2.77519  2.98518  4.58477  3.61503
          0.02058  4.28964  5.01198  0.61958  0.77255  0.54269  0.87032
     82   2.56990  4.24803  4.04668  3.50657  3.50084  3.14172  4.22605  2.19149  3.41654  2.48568  3.46507  3.75180  4.17348  3.68320  3.66521  3.02017  2.49404  1.32512  5.04921  3.84393    177 v - - -
          2.68618  4.42225  2.77519  2.73123  3.46354  2.40513  3.72494  3.29354  2.67741  2.69355  4.24690  2.90347  2.73739  3.18146  2.89801  2.37887  2.77519  2.98518  4.58477  3.61503
          0.02058  4.28964  5.01198  0.61958  0.77255  0.54269  0.87032
     83   2.57456  4.19113  4.08483  3.46812  3.02203  3.80646  4.11216  2.16903  3.39341  1.96978  2.79526  3.75275  4.16844  3.63353  3.61026  3.08311  1.88916  2.29144  4.82629  3.63579    178 t - - -
          2.68618  4.42225  2.77519  2.73123  3.46354  2.40513  3.72494  3.29354  2.67741  2.69355  4.24690  2.90347  2.73739  3.18146  2.89801  2.37887  2.77519  2.98518  4.58477  3.61503
          0.02080  4.28964  4.98035  0.61958  0.77255  0.54269  0.87032
     84   2.69197  4.17387  4.15866  3.58066  2.36551  3.79877  4.12098  2.48055  3.45951  1.57262  3.21595  3.79053  4.17085  3.68125  3.64315  2.77851  2.57494  2.16856  4.78727  3.58511    179 l - - -
          2.68618  4.42225  2.77519  2.73123  3.46354  2.40513  3.72494  3.29354  2.67741  2.69355  4.24690  2.90347  2.73739  3.18146  2.89801  2.37887  2.77519  2.98518  4.58477  3.61503
          0.02056  4.29046  5.01281  0.61958  0.77255  0.54297  0.86993
     85   3.34343  5.36037  3.82982  3.11239  4.86982  3.89112  3.79799  4.20977  1.81470  3.62169  4.52349  3.46198  4.26268  2.93938  0.84592  3.34548  3.49515  3.90622  5.61695  4.50187    180 r - - -
          2.68618  4.42225  2.77519  2.73123  3.46354  2.40513  3.72494  3.29354  2.67741  2.69354  4.24690  2.90347  2.73739  3.18146  2.89801  2.37887  2.77519  2.98518  4.58477  3.61503
          0.02389  4.07740  5.01281  0.60055  0.79520  0.50425  0.92624
     86   2.80763  5.18188  2.83690  2.47220  4.54079  3.08111  3.67721  3.97668  1.37337  3.46674  4.23909  2.99420  3.92589  2.79441  2.30591  2.70324  3.02943  3.58765  5.59316  4.25562    182 k - - -
          2.68618  4.42225  2.77519  2.73123  3.46354  2.40513  3.72494  3.29354  2.67741  2.69355  4.24690  2.90347  2.73739  3.18146  2.89801  2.37887  2.77519  2.98518  4.58477  3.61503
          0.02020  4.30783  5.03017  0.61958  0.77255  0.51977  0.90303
     87   2.83926  4.48444  3.60142  3.07561  2.77326  3.75840  3.51011  3.08760  2.80417  2.65202  3.67176  2.95740  4.13515  3.30916  3.32244  3.01846  3.06901  2.86699  4.53418  1.44602    183 y - - -
          2.68618  4.42225  2.77519  2.73123  3.46354  2.40513  3.72494  3.29354  2.67741  2.69355  4.24690  2.90347  2.73739  3.18146  2.89801  2.37887  2.77519  2.98518  4.58477  3.61503
          0.02020  4.30783  5.03017  0.61958  0.77255  0.51977  0.90303
     88   2.64544  4.18600  3.95637  3.38321  3.32645  3.41805  4.05114  1.86754  3.28292  2.37959  2.97748  3.64685  4.09708  3.54093  3.52656  2.78074  2.12264  2.10418  4.83494  3.63323    184 i - - -
          2.68618  4.42225  2.77519  2.73123  3.46354  2.40513  3.72494  3.29354  2.67741  2.69355  4.24690  2.90347  2.73739  3.18146  2.89801  2.37887  2.77519  2.98518  4.58477  3.61503
          0.02020  4.30783  5.03017  0.61958  0.77255  0.51977  0.90303
     89   2.65367  4.97435  2.81267  2.36427  4.18591  3.33187  2.39374  3.68710  2.42499  3.18372  4.03573  2.82219  3.18802  2.60866  2.90102  2.55428  2.88559  3.32642  5.45011  2.98249    185 e - - -
          2.68618  4.42225  2.77519  2.73123  3.46354  2.40513  3.72494  3.29354  2.67741  2.69355  4.24690  2.90347  2.73739  3.18146  2.89801  2.37887  2.77519  2.98518  4.58477  3.61503
          0.02020  4.30783  5.03017  0.61958  0.77255  0.51977  0.90303
     90   2.60866  4.15142  4.19977  3.61424  2.93955  3.81346  4.12432  2.36792  3.48803  1.41614  3.19590  3.81064  4.17530  3.70081  3.65671  2.90082  2.74470  2.10902  4.77438  3.42140    186 l - - -
          2.68618  4.42225  2.77519  2.73123  3.46354  2.40513  3.72492  3.29354  2.67741  2.69355  4.24690  2.90347  2.73739  3.18146  2.89801  2.37887  2.77519  2.98518  4.58477  3.61503
          0.02359  4.08777  5.03017  0.60233  0.79305  0.51928  0.90374
     91   2.77113  4.31289  4.45646  3.87179  2.03473  4.03627  4.33297  2.37808  3.73726  1.30751  2.98401  4.05556  3.76581  3.91083  3.87588  3.33966  3.12153  2.30859  4.87640  3.70286    191 l - - -
          2.68618  4.42225  2.77519  2.73123  3.46354  2.40513  3.72494  3.29354  2.67741  2.69355  4.24690  2.90347  2.73739  3.18146  2.89801  2.37887  2.77519  2.98518  4.58477  3.61503
          0.02020  4.30804  5.03038  0.61958  0.77255  0.51948  0.90345
     92   2.79986  5.25719  1.77395  2.20617  4.55781  3.41060  3.73092  3.41041  2.56245  3.54835  4.33289  1.90287  3.61436  2.85935  3.07670  2.75197  3.04750  3.62675  5.71649  4.26857    192 d - - -
          2.68618  4.42225  2.77519  2.73123  3.46354  2.40513  3.72494  3.29354  2.67741  2.69355  4.24690  2.90347  2.73739  3.18146  2.89801  2.37887  2.77519  2.98518  4.58477  3.61503
          0.02032  4.30804  5.01265  0.61958  0.77255  0.51948  0.90345
     93   2.77485  4.18472  4.42559  3.84466  2.89717  3.95585  4.30403  1.66128  3.70930  2.11848  3.28422  4.00006  4.30989  3.91162  3.84924  3.03750  2.50217  1.63751  4.90433  3.71518    193 v - - -
          2.68618  4.42225  2.77519  2.73123  3.46354  2.40513  3.72494  3.29354  2.67741  2.69355  4.24690  2.90347  2.73739  3.18146  2.89801  2.37887  2.77519  2.98518  4.58477  3.61503
          0.02020  4.30792  5.03026  0.61958  0.77255  0.51964  0.90322
     94   2.82024  5.18116  3.06406  2.50080  4.53366  3.54528  2.94704  3.96350  2.07316  3.44060  4.23931  2.93023  3.93684  1.63518  2.41043  2.64427  3.03405  3.58172  5.56971  4.24604    194 q - - -
          2.68618  4.42225  2.77519  2.73123  3.46354  2.40513  3.72494  3.29354  2.67741  2.69355  4.24690  2.90347  2.73739  3.18146  2.89801  2.37887  2.77519  2.98518  4.58477  3.61503
          0.02032  4.30792  5.01214  0.61958  0.77255  0.51964  0.90322
     95   3.09822  4.46686  4.74381  4.16417  2.86270  4.28134  4.51128  2.04525  4.02059  1.00221  3.06146  4.31850  4.55760  4.13896  4.09985  3.59842  3.32222  2.31607  4.91629  2.98993    195 l - - -
          2.68618  4.42225  2.77519  2.73123  3.46354  2.40513  3.72494  3.29354  2.67741  2.69355  4.24690  2.90347  2.73739  3.18146  2.89801  2.37887  2.77519  2.98518  4.58477  3.61503
          0.02020  4.30780  5.03015  0.61958  0.77255  0.51980  0.90298
     96   2.98889  5.58627  1.71466  1.33468  4.88571  3.37439  3.83645  4.40399  2.64156  3.87532  4.68049  2.61297  3.95272  2.97942  3.34413  2.57194  3.25746  3.95998  6.02158  4.52981    196 e - - -
          2.68618  4.42225  2.77519  2.73123  3.46354  2.40513  3.72494  3.29354  2.67741  2.69355  4.24690  2.90347  2.73739  3.18146  2.89801  2.37887  2.77519  2.98518  4.58477  3.61503
          0.02020  4.30780  5.03015  0.61958  0.77255  0.51784  0.90586
     97   2.75841  5.10811  3.05057  2.35450  4.48091  3.51451  3.64714  3.91899  1.54287  3.41402  4.19247  2.80597  3.90003  2.54624  2.34693  2.73692  2.81202  3.53082  5.54644  3.62205    197 k - - -
          2.68618  4.42225  2.77519  2.73123  3.46354  2.40513  3.72494  3.29354  2.67741  2.69355  4.24690  2.90347  2.73739  3.18146  2.89801  2.37887  2.77519  2.98518  4.58477  3.61503
          0.02019  4.30865  5.03100  0.61958  0.77255  0.51809  0.90549
     98   2.64882  4.90756  3.01393  2.35239  4.16531  3.46490  3.66071  3.19024  2.00007  2.77924  3.97347  2.67180  3.85507  2.70146  2.76746  2.48401  2.58058  3.25073  5.39459  3.68551    198 k - - -
          2.68618  4.42225  2.77519  2.73123  3.46354  2.40513  3.72494  3.29354  2.67741  2.69355  4.24690  2.90347  2.73739  3.18146  2.89801  2.37887  2.77519  2.98518  4.58477  3.61503
          0.02018  4.30889  5.03124  0.61958  0.77255  0.51831  0.90517
     99   2.51635  3.65909  4.36668  3.76918  3.15789  3.79576  4.11924  1.84059  3.60657  1.72733  2.93368  3.87250  4.15920  3.78427  3.70341  2.91320  2.78554  2.15376  4.27223  3.51078    199 l - - -
          2.68618  4.42225  2.77519  2.73123  3.46354  2.40513  3.72494  3.29354  2.67741  2.69355  4.24690  2.90347  2.73739  3.18146  2.89801  2.37887  2.77519  2.98518  4.58477  3.61503
          0.02018  4.30889  5.03124  0.61958  0.77255  0.51831  0.90517
    100   2.58549  4.27023  3.99760  3.44864  3.45917  3.77693  4.17547  2.35186  3.34329  2.20479  3.42326  3.37850  3.82957  3.62782  3.59713  3.09038  2.98259  1.26535  5.00062  3.79025    200 v - - -
          2.68618  4.42225  2.77519  2.73123  3.46354  2.40513  3.72494  3.29354  2.67741  2.69355  4.24690  2.90347  2.73739  3.18146  2.89801  2.37887  2.77519  2.98518  4.58477  3.61503
          0.02018  4.30889  5.03124  0.61958  0.77255  0.51831  0.90517
    101   2.66731  3.78946  4.32069  3.72693  3.11881  3.80626  4.12062  1.45122  3.57336  2.15559  2.96431  3.47033  4.16893  3.76356  3.69212  3.10517  2.89527  2.21755  3.69476  3.51938    201 i - - -
          2.68618  4.42225  2.77519  2.73123  3.46354  2.40513  3.72494  3.29354  2.67741  2.69355  4.24690  2.90347  2.73739  3.18146  2.89801  2.37887  2.77519  2.98518  4.58477  3.61503
          0.02018  4.30889  5.03124  0.61958  0.77255  0.51831  0.90517
    102   2.05679  4.15873  3.97087  3.39352  3.02657  3.71236  4.03962  2.07650  3.29744  2.13519  3.28952  3.65125  4.10507  3.54326  3.52872  2.52952  2.67124  2.20076  4.80356  3.60361    202 a - - -
          2.68618  4.42225  2.77519  2.73123  3.46354  2.40513  3.72494  3.29354  2.67741  2.69355  4.24690  2.90347  2.73739  3.18146  2.89801  2.37887  2.77519  2.98518  4.58477  3.61503
          0.02018  4.30889  5.03124  0.61958  0.77255  0.51831  0.90517
    103   2.74621  4.17729  4.31119  3.72881  3.12350  3.88164  4.22478  1.49720  3.58389  1.90467  3.12393  3.91093  4.25166  3.80956  3.74943  2.85510  2.76026  2.07675  4.85410  3.66859    203 i - - -
          2.68618  4.42225  2.77519  2.73123  3.46354  2.40513  3.72494  3.29354  2.67741  2.69355  4.24690  2.90347  2.73739  3.18146  2.89801  2.37887  2.77519  2.98518  4.58477  3.61503
          0.02018  4.30889  5.03124  0.61958  0.77255  0.51831  0.90517
    104   2.56777  1.42477  4.24094  3.75111  2.43455  3.54806  4.23543  2.75561  3.61235  2.55243  3.53419  3.81315  4.10874  3.84210  3.75897  2.71333  2.95437  2.53611  4.89470  3.57662    204 c - - -
          2.68618  4.42225  2.77519  2.73123  3.46354  2.40513  3.72494  3.29354  2.67741  2.69355  4.24690  2.90347  2.73739  3.18146  2.89801  2.37887  2.77519  2.98518  4.58477  3.61503
          0.02634  4.30889  4.37811  0.61958  0.77255  0.51831  0.90517
    105   2.50864  2.29998  4.23048  3.64807  2.16574  3.75628  4.10203  2.40213  3.50950  2.14403  3.22809  3.80363  4.14204  3.71484  3.65719  2.74720  2.89353  2.30694  4.73046  3.51565    205 l - - -
          2.68618  4.42225  2.77519  2.73123  3.46354  2.40513  3.72494  3.29354  2.67741  2.69355  4.24690  2.90347  2.73739  3.18146  2.89801  2.37887  2.77519  2.98518  4.58477  3.61503
          0.02030  4.30285  5.02520  0.61958  0.77255  0.52651  0.89322
    106   2.66986  4.25652  4.59777  4.01781  3.32975  4.09748  4.45256  1.45746  3.87711  1.87502  2.86561  4.15984  4.42815  4.06122  3.99709  3.41235  3.04122  1.70897  4.99796  3.54354    206 i - - -
          2.68618  4.42225  2.77519  2.73123  3.46354  2.40513  3.72494  3.29354  2.67741  2.69355  4.24690  2.90347  2.73739  3.18146  2.89801  2.37887  2.77519  2.98518  4.58477  3.61503
          0.02030  4.30285  5.02520  0.61958  0.77255  0.52651  0.89322
    107   2.42194  4.21656  3.78377  3.21016  3.34160  2.92604  3.96254  2.12573  3.13296  2.32496  3.11841  3.49791  4.04540  3.24998  3.41213  2.91797  2.37018  2.13219  4.82705  3.61714    207 i - - -
          2.68618  4.42225  2.77519  2.73123  3.46354  2.40513  3.72494  3.29354  2.67741  2.69355  4.24690  2.90347  2.73739  3.18146  2.89801  2.37887  2.77519  2.98518  4.58477  3.61503
          0.02060  4.30285  4.98192  0.61958  0.77255  0.51278  0.91336
    108   2.98470  4.36682  4.64927  4.06653  1.64079  4.15698  4.41487  2.11064  3.91696  1.51459  2.85421  4.20569  4.46177  4.05625  4.01582  3.25184  3.21248  2.34982  4.86658  3.64697    208 l - - -
          2.68618  4.42225  2.77519  2.73123  3.46354  2.40513  3.72494  3.29354  2.67741  2.69355  4.24690  2.90347  2.73739  3.18146  2.89801  2.37887  2.77519  2.98518  4.58477  3.61503
          0.02019  4.30860  5.03095  0.61958  0.77255  0.51871  0.90458
    109   3.31402  4.61538  5.06185  4.51103  3.35214  4.63460  5.02684  1.50145  4.37402  1.03478  3.17223  4.70741  4.86228  4.50987  4.48475  3.87455  3.54957  1.92890  5.37623  4.26597    209 l - - -
          2.68618  4.42225  2.77519  2.73123  3.46354  2.40513  3.72494  3.29354  2.67741  2.69355  4.24690  2.90347  2.73739  3.18146  2.89801  2.37887  2.77519  2.98518  4.58477  3.61503
          0.02045  4.30860  4.99280  0.61958  0.77255  0.51822  0.90531
    110   2.32185  3.00277  3.51560  2.86510  3.35526  1.75804  3.95884  3.06641  2.95555  2.77524  3.65428  3.34606  3.94606  3.26192  3.30931  2.55419  2.86284  2.78981  5.09944  3.88607    210 g - - -
          2.68618  4.42225  2.77519  2.73123  3.46354  2.40513  3.72494  3.29354  2.67741  2.69355  4.24690  2.90347  2.73739  3.18146  2.89801  2.37887  2.77519  2.98518  4.58477  3.61503
          0.02019  4.30856  5.03091  0.61958  0.77255  0.51782  0.90589
    111   2.70221  4.08594  4.23097  3.64928  3.27852  3.80300  3.83119  1.53056  3.51291  2.29354  3.06583  3.84077  4.20223  3.74028  3.68284  2.92349  2.93953  1.75067  4.82467  3.63029    211 i - - -
          2.68618  4.42225  2.77519  2.73123  3.46354  2.40513  3.72494  3.29354  2.67741  2.69355  4.24690  2.90347  2.73739  3.18146  2.89801  2.37887  2.77519  2.98518  4.58477  3.61503
          0.02018  4.30897  5.03132  0.61958  0.77255  0.51820  0.90533
    112   2.77150  4.39299  4.77803  4.19707  2.38849  4.25816  4.58608  1.72305  4.05156  1.28436  3.12435  4.29263  4.55055  4.18517  4.14167  3.58107  3.26764  2.11771  5.03120  3.87904    212 l - - -
          2.68618  4.42225  2.77519  2.73123  3.46354  2.40513  3.72494  3.29354  2.67741  2.69355  4.24690  2.90347  2.73739  3.18146  2.89801  2.37887  2.77519  2.98518  4.58477  3.61503
          0.02214  4.30897  4.77346  0.61958  0.77255  0.51820  0.90533
    113   2.39217  4.12650  3.82410  3.54658  2.67847  3.77058  4.08126  1.97572  3.42792  1.95476  3.23783  3.70974  4.11778  3.64877  3.60281  3.05922  2.49811  2.11010  4.76005  3.56766    213 l - - -
          2.68618  4.42225  2.77519  2.73123  3.46354  2.40513  3.72494  3.29354  2.67741  2.69355  4.24690  2.90347  2.73739  3.18146  2.89801  2.37887  2.77519  2.98518  4.58477  3.61503
          0.02022  4.30705  5.02939  0.61958  0.77255  0.52083  0.90147
    114   2.67889  3.83978  4.16370  3.59372  1.63840  3.51352  4.05828  2.58191  3.46033  1.94194  3.27856  3.77097  4.14825  3.68046  3.63237  2.84670  2.90416  2.39741  4.64166  3.39956    214 f - - -
          2.68618  4.42225  2.77519  2.73123  3.46354  2.40513  3.72494  3.29354  2.67741  2.69355  4.24690  2.90347  2.73739  3.18146  2.89801  2.37887  2.77519  2.98518  4.58477  3.61503
          0.02022  4.30705  5.02939  0.61958  0.77255  0.51457  0.91069
    115   2.53722  4.25243  3.77808  3.20621  2.32857  3.69832  3.92347  2.73544  2.90997  2.45483  3.21816  3.51810  4.07231  3.39204  3.04430  2.96561  2.88728  2.53006  4.75000  2.02072    215 y - - -
          2.68618  4.42225  2.77519  2.73123  3.46354  2.40513  3.72494  3.29354  2.67741  2.69355  4.24690  2.90347  2.73739  3.18146  2.89801  2.37887  2.77519  2.98518  4.58477  3.61503
          0.02042  4.30978  4.99452  0.61958  0.77255  0.47287  0.97606
    116   2.90844  3.40195  4.77450  4.18563  2.79982  4.13826  4.49473  1.78705  4.01845  1.49481  3.07519  4.25865  4.45998  4.15911  4.07747  3.44985  3.11609  1.70886  4.96583  3.80636    216 l - - -
          2.68618  4.42225  2.77519  2.73123  3.46354  2.40513  3.72494  3.29354  2.67741  2.69355  4.24690  2.90347  2.73739  3.18146  2.89801  2.37887  2.77519  2.98518  4.58477  3.61503
          0.01978  4.32901  5.05136  0.61958  0.77255  0.49012  0.94818
    117   2.65452  4.62924  3.08026  2.64492  3.29199  3.53490  3.72378  3.19322  2.56392  2.74595  3.73329  2.61905  3.92143  2.95994  2.56199  2.69132  2.88557  2.95045  5.15804  2.27323    217 y - - -
          2.68618  4.42225  2.77519  2.73123  3.46354  2.40513  3.72494  3.29354  2.67741  2.69355  4.24690  2.90347  2.73739  3.18146  2.89801  2.37887  2.77519  2.98518  4.58477  3.61503
          0.01978  4.32901  5.05136  0.61958  0.77255  0.48954  0.94909
    118   3.13340  4.53439  4.65329  4.11242  3.31145  4.30003  4.66171  1.87735  3.90802  0.93968  3.19125  4.32795  4.61471  4.14103  4.08310  3.36043  3.37790  2.23685  5.17404  4.00577    218 l - - -
          2.68618  4.42225  2.77519  2.73123  3.46354  2.40513  3.72494  3.29354  2.67741  2.69355  4.24690  2.90347  2.73739  3.18146  2.89801  2.37887  2.77519  2.98518  4.58477  3.61503
          0.01977  4.32926  5.05161  0.61958  0.77255  0.48977  0.94873
    119   2.69801  4.77884  3.09086  2.60026  4.03300  3.50474  3.76140  2.70975  2.47615  3.06165  3.90373  1.67042  3.92622  2.94180  2.87891  2.62515  2.81944  3.12017  5.33086  4.01720    219 n - - -
          2.68618  4.42225  2.77519  2.73123  3.46354  2.40513  3.72494  3.29354  2.67741  2.69355  4.24690  2.90347  2.73739  3.18146  2.89801  2.37887  2.77519  2.98518  4.58477  3.61503
          0.01977  4.32926  5.05161  0.61958  0.77255  0.48977  0.94873
    120   2.84975  5.20255  3.15866  2.56215  4.58025  3.35506  3.67072  4.00006  1.54594  3.47259  4.24921  3.06362  3.96139  2.34454  2.00443  2.65901  2.83626  3.61689  5.57774  4.27102    220 k - - -
          2.68618  4.42225  2.77519  2.73123  3.46354  2.40513  3.72494  3.29354  2.67741  2.69355  4.24690  2.90347  2.73739  3.18146  2.89801  2.37887  2.77519  2.98518  4.58477  3.61503
          0.05789  4.30768  3.15176  0.61988  0.77221  0.48977  0.94873
    121   3.22731  5.34148  3.61927  2.95762  4.82391  3.81862  3.75168  4.10941  0.87603  3.59267  4.46661  3.30931  4.19081  2.88524  2.01381  3.21665  3.39036  3.84683  5.61026  4.44994    223 k - - -
          2.68618  4.42225  2.77519  2.73123  3.46354  2.40513  3.72494  3.29354  2.67741  2.69355  4.24690  2.90347  2.73739  3.18146  2.89801  2.37887  2.77519  2.98518  4.58477  3.61503
          0.02052  4.29220  5.01455  0.61958  0.77255  0.54003  0.87403
    122   2.73437  4.37454  3.94832  3.45805  3.47940  3.68105  4.23171  2.66234  3.32915  1.22868  3.45730  3.71987  4.14653  3.64550  3.58395  2.21346  3.04147  2.37378  5.09231  3.86080    224 l - - -
          2.68618  4.42225  2.77519  2.73123  3.46354  2.40513  3.72494  3.29354  2.67741  2.69355  4.24690  2.90347  2.73739  3.18146  2.89801  2.37887  2.77519  2.98518  4.58477  3.61503
          0.02052  4.29250  5.01484  0.61958  0.77255  0.53974  0.87443
    123   2.50701  4.98470  3.03031  2.48334  4.32237  3.46805  3.67379  3.72433  1.67162  3.30073  4.09316  2.90700  3.86840  2.80170  2.63147  2.30447  2.49512  3.38458  5.48323  4.14242    225 k - - -
          2.68618  4.42225  2.77519  2.73123  3.46354  2.40513  3.72494  3.29354  2.67741  2.69355  4.24690  2.90347  2.73739  3.18146  2.89801  2.37887  2.77519  2.98518  4.58477  3.61503
          0.02051  4.29275  5.01509  0.61958  0.77255  0.49520  0.94020
    124   3.14052  4.57427  4.50139  3.95665  3.14074  4.24716  3.99831  2.19120  3.73638  0.86630  3.14009  4.19777  4.55063  4.00065  3.90478  3.56297  3.37235  2.48614  4.98165  3.72554    226 l - - -
          2.68618  4.42225  2.77519  2.73123  3.46354  2.40513  3.72494  3.29354  2.67741  2.69355  4.24690  2.90347  2.73739  3.18146  2.89801  2.37887  2.77519  2.98518  4.58477  3.61503
          0.02010  4.31281  5.03516  0.61958  0.77255  0.51293  0.91315
    125   2.68598  5.13683  2.89034  2.27499  4.43565  3.43967  3.13408  3.93040  1.96736  3.42897  4.18684  2.17216  3.66814  2.57809  2.83347  2.40715  2.81642  3.51845  5.57487  4.16282    227 k - - -
          2.68618  4.42225  2.77519  2.73123  3.46354  2.40513  3.72494  3.29354  2.67741  2.69355  4.24690  2.90347  2.73739  3.18146  2.89801  2.37887  2.77519  2.98518  4.58477  3.61503
          0.02010  4.31281  5.03516  0.61958  0.77255  0.50852  0.91975
    126   2.78658  4.29596  4.47283  3.91811  3.50565  4.08688  4.50224  1.24082  3.79295  2.37854  3.29432  3.74492  4.45047  4.04091  3.97851  3.29813  3.13876  1.52689  5.15491  3.95195    228 i - - -
          2.68618  4.42225  2.77519  2.73123  3.46354  2.40513  3.72494  3.29354  2.67741  2.69355  4.24690  2.90347  2.73739  3.18146  2.89801  2.37887  2.77519  2.98518  4.58477  3.61503
          0.03644  4.31535  3.79783  0.61958  0.77255  0.51028  0.91711
    127   3.77389  4.99859  4.10127  4.52061  1.21522  4.55441  3.61702  3.56501  4.36417  2.96088  4.14946  4.23506  4.85630  4.30072  4.37576  3.90327  3.98829  3.43928  3.35355  1.06100    229 y - - -
          2.68618  4.42225  2.77519  2.73123  3.46354  2.40513  3.72494  3.29354  2.67741  2.69355  4.24690  2.90347  2.73739  3.18146  2.89801  2.37887  2.77519  2.98518  4.58477  3.61503
          0.07613  4.29929  2.81797  0.61958  0.77255  0.49599  0.93897
    128   2.91389  5.43390  1.73823  2.20933  4.74589  3.33347  3.79692  4.24102  2.61844  3.73957  4.54387  1.61709  3.91968  2.93945  3.24971  2.82902  2.78587  3.81762  5.90030  4.44005    230 n - - -
          2.68624  4.42231  2.77511  2.73101  3.46360  2.40519  3.72500  3.29360  2.67730  2.69361  4.24634  2.90353  2.73745  3.18152  2.89807  2.37893  2.77504  2.98524  4.58483  3.61509
          0.43149  1.13396  3.55073  0.16104  1.90553  0.43161  1.04828
    129   2.67575  4.98442  2.87648  2.42963  4.26245  3.45298  3.39865  3.69610  2.43905  3.26501  4.05804  1.80949  3.79489  2.80326  2.76020  2.53802  2.49079  3.34357  5.46724  3.83122    232 n - - -
          2.68618  4.42225  2.77519  2.73123  3.46354  2.40513  3.72494  3.29354  2.67741  2.69355  4.24690  2.90347  2.73739  3.18146  2.89801  2.37887  2.77519  2.98518  4.58477  3.61503
          0.02012  4.31171  5.03406  0.61958  0.77255  0.51479  0.91037
    130   2.71433  5.02313  3.05672  2.48029  4.31006  3.50091  3.36875  3.45958  1.59597  3.05872  4.08439  2.67442  3.88588  2.65918  2.53284  2.71351  2.93419  3.17631  5.46700  4.13016    233 k - - -
          2.68618  4.42225  2.77519  2.73123  3.46354  2.40513  3.72494  3.29354  2.67741  2.69355  4.24690  2.90347  2.73739  3.18146  2.89801  2.37887  2.77519  2.98518  4.58477  3.61503
          0.02012  4.31194  5.03428  0.61958  0.77255  0.51406  0.91146
    131   2.67841  5.13083  2.69884  2.13013  4.44846  3.30799  3.37000  3.89209  2.27276  3.42444  4.18286  2.04644  3.83663  2.75058  2.89121  2.31016  2.82479  3.28145  5.57925  4.17956    234 n - - -
          2.68618  4.42225  2.77519  2.73123  3.46354  2.40513  3.72494  3.29354  2.67741  2.69355  4.24690  2.90347  2.73739  3.18146  2.89801  2.37887  2.77519  2.98518  4.58477  3.61503
          0.02011  4.31234  5.03469  0.61958  0.77255  0.51444  0.91090
    132   2.64998  4.22935  2.87973  2.18473  4.33755  3.43931  3.50711  3.79111  1.91263  3.32347  4.09294  2.39715  3.83319  2.74761  2.86397  2.38344  2.87871  3.27363  5.49957  3.73503    235 k - - -
          2.68618  4.42225  2.77519  2.73123  3.46354  2.40513  3.72494  3.29354  2.67741  2.69355  4.24690  2.90347  2.73739  3.18146  2.89801  2.37887  2.77519  2.98518  4.58477  3.61503
          0.02011  4.31234  5.03469  0.61958  0.77255  0.51350  0.91229
    133   2.64644  5.10401  2.68934  2.09736  3.93964  3.42741  3.58864  3.82848  2.13975  3.39969  4.13312  2.47354  3.77699  2.72212  2.46881  2.37098  2.87722  3.47957  5.54928  3.82018    236 e - - -
          2.68618  4.42225  2.77519  2.73123  3.46354  2.40513  3.72494  3.29354  2.67741  2.69355  4.24690  2.90347  2.73739  3.18146  2.89801  2.37887  2.77519  2.98518  4.58477  3.61503
          0.02010  4.31275  5.03510  0.61958  0.77255  0.51360  0.91214
    134   2.65989  5.12160  2.80290  2.08389  4.44584  2.87590  3.62562  3.89797  2.28523  3.09725  4.16981  2.49851  3.82742  2.42604  2.74244  2.30452  2.89325  3.50162  5.56526  4.15669    237 e - - -
          2.68618  4.42225  2.77519  2.73123  3.46354  2.40513  3.72494  3.29354  2.67741  2.69355  4.24690  2.90347  2.73739  3.18146  2.89801  2.37887  2.77519  2.98518  4.58477  3.61503
          0.02010  4.31287  5.03521  0.61958  0.77255  0.51371  0.91197
    135   2.98097  5.20326  3.35494  2.73314  4.62835  3.67336  3.71450  3.97838  1.15065  3.48032  4.30711  3.17016  4.05442  2.83437  2.08484  2.81222  2.82065  3.65428  5.56989  4.33277    238 k - - -
          2.68618  4.42225  2.77519  2.73123  3.46354  2.40513  3.72494  3.29354  2.67741  2.69355  4.24690  2.90347  2.73739  3.18146  2.89801  2.37887  2.77519  2.98518  4.58477  3.61503
          0.02010  4.31287  5.03521  0.61958  0.77255  0.51371  0.91197
    136   3.04645  4.27834  4.93663  4.38278  3.50683  4.44329  4.87372  1.18573  4.25979  1.89286  2.91303  4.47320  4.73157  4.44352  4.38136  3.77650  3.34835  1.50369  5.34465  4.17789    239 i - - -
          2.68618  4.42225  2.77519  2.73123  3.46354  2.40513  3.72494  3.29354  2.67741  2.69355  4.24690  2.90347  2.73739  3.18146  2.89801  2.37887  2.77519  2.98518  4.58477  3.61503
          0.02010  4.31287  5.03521  0.61958  0.77255  0.51371  0.91197
    137   2.68958  4.17055  4.10629  3.52301  3.00828  3.79451  4.09653  1.52022  3.39670  2.27807  2.84206  3.52855  4.15884  3.63691  3.03091  3.08165  2.91850  2.16930  4.79792  3.60266    240 i - - -
          2.68618  4.42225  2.77519  2.73123  3.46354  2.40513  3.72494  3.29354  2.67741  2.69355  4.24690  2.90347  2.73739  3.18146  2.89801  2.37887  2.77519  2.98518  4.58477  3.61503
          0.02010  4.31287  5.03521  0.61958  0.77255  0.51371  0.91197
    138   3.10692  4.54307  4.51067  3.96971  3.28829  4.23257  4.57588  2.07145  3.70382  0.90112  3.15781  4.22005  3.97269  4.03736  3.95655  3.56771  3.34873  2.35015  5.14231  3.98928    241 l - - -
          2.68618  4.42225  2.77519  2.73123  3.46354  2.40513  3.72494  3.29354  2.67741  2.69355  4.24690  2.90347  2.73739  3.18146  2.89801  2.37887  2.77519  2.98518  4.58477  3.61503
          0.02010  4.31287  5.03521  0.61958  0.77255  0.51371  0.91197
    139   3.10366  4.29381  4.94216  4.34693  2.49233  4.38565  4.74298  1.29615  4.22213  1.60711  3.03153  4.48748  4.65855  4.34117  4.29416  3.71127  3.34165  1.90157  5.14632  4.00880    242 i - - -
          2.68618  4.42225  2.77519  2.73123  3.46354  2.40513  3.72494  3.29354  2.67741  2.69355  4.24690  2.90347  2.73739  3.18146  2.89801  2.37887  2.77519  2.98518  4.58477  3.61503
          0.02010  4.31287  5.03521  0.61958  0.77255  0.51371  0.91197
    140   2.76547  4.79443  2.96219  2.61866  4.32623  3.38322  4.04302  3.74233  2.86947  3.39315  4.30379  3.20154  1.09871  3.26481  3.22838  2.81708  3.04613  3.38277  5.64773  4.18010    243 p - - -
          2.68618  4.42225  2.77519  2.73123  3.46354  2.40513  3.72494  3.29354  2.67741  2.69355  4.24690  2.90347  2.73739  3.18146  2.89801  2.37887  2.77519  2.98518  4.58477  3.61503
          0.02010  4.31287  5.03521  0.61958  0.77255  0.51371  0.91197
    141   2.39271  4.46935  3.41309  2.96830  4.18259  3.27358  4.06809  3.54816  2.96547  3.24518  4.06538  2.84879  3.87123  3.29402  3.34769  2.09619  1.32818  3.01184  5.52202  4.26405    244 t - - -
          2.68618  4.42225  2.77519  2.73123  3.46354  2.40513  3.72494  3.29354  2.67741  2.69355  4.24690  2.90347  2.73739  3.18146  2.89801  2.37887  2.77519  2.98518  4.58477  3.61503
          0.02010  4.31287  5.03521  0.61958  0.77255  0.51371  0.91197
    142   3.02718  4.30300  4.74684  4.16488  1.78411  4.19230  4.37322  2.38333  4.00221  1.25949  3.03681  4.25488  4.48723  4.10314  4.06379  3.50883  3.25163  2.32877  3.93995  3.46802    245 l - - -
          2.68618  4.42225  2.77519  2.73123  3.46354  2.40513  3.72494  3.29354  2.67741  2.69355  4.24690  2.90347  2.73739  3.18146  2.89801  2.37887  2.77519  2.98518  4.58477  3.61503
          0.02010  4.31287  5.03521  0.61958  0.77255  0.51371  0.91197
    143   3.12061  5.28287  3.31060  2.81257  4.47252  3.71525  3.77732  4.08671  0.90400  3.55507  4.42475  3.18659  4.13341  2.76825  2.37838  3.11170  3.31932  3.75533  5.60541  4.36541    246 k - - -
          2.68618  4.42225  2.77519  2.73123  3.46354  2.40513  3.72494  3.29354  2.67741  2.69355  4.24690  2.90347  2.73739  3.18146  2.89801  2.37887  2.77519  2.98518  4.58477  3.61503
          0.02469  4.31287  4.51022  0.61958  0.77255  0.51371  0.91197
    144   2.71529  5.09566  2.66072  2.38206  4.36170  3.43655  3.14287  3.83343  2.45434  3.13372  4.16364  1.73308  3.86570  2.67361  2.93888  2.43137  2.95013  3.46221  5.55695  4.16079    247 n - - -
          2.68618  4.42225  2.77519  2.73123  3.46354  2.40513  3.72494  3.29354  2.67741  2.69355  4.24690  2.90347  2.73739  3.18146  2.89801  2.37887  2.77519  2.98518  4.58477  3.61503
          0.04361  4.30837  3.53308  0.61958  0.77255  0.51989  0.90285
    145   2.51975  4.10266  4.19296  3.60417  2.18710  2.95886  4.08255  2.15292  3.45295  1.99454  2.99769  3.78258  4.05940  3.67916  3.61886  3.06300  2.88316  2.17945  4.72353  3.53537    248 l - - -
          2.68618  4.42225  2.77519  2.73123  3.46354  2.40513  3.72494  3.29354  2.67741  2.69355  4.24690  2.90347  2.73739  3.18146  2.89801  2.37887  2.77519  2.98518  4.58477  3.61503
          0.02067  4.28542  5.00777  0.61958  0.77255  0.53788  0.87704
    146   2.66905  1.96776  4.27143  3.68351  2.75202  3.78841  4.11821  2.28827  3.54118  2.08216  3.19961  3.83569  4.16518  3.74037  3.67926  2.82797  2.90502  2.17211  4.70091  3.49836    249 c - - -
          2.68618  4.42225  2.77519  2.73123  3.46354  2.40513  3.72494  3.29354  2.67741  2.69355  4.24690  2.90347  2.73739  3.18146  2.89801  2.37887  2.77519  2.98518  4.58477  3.61503
          0.02055  4.29101  5.01336  0.61958  0.77255  0.54309  0.86976
    147   3.16173  4.53024  4.75687  4.18961  1.57762  4.32971  4.49628  2.30466  4.04271  1.25521  2.97748  4.34640  4.36095  4.16006  4.14466  3.60794  3.38639  2.46166  4.86573  3.57750    250 l - - -
          2.68618  4.42225  2.77519  2.73123  3.46354  2.40513  3.72494  3.29354  2.67741  2.69355  4.24690  2.90347  2.73739  3.18146  2.89801  2.37887  2.77519  2.98518  4.58477  3.61503
          0.02240  4.29101  4.77279  0.61958  0.77255  0.54309  0.86976
    148   2.64976  4.21975  3.76052  3.26937  3.34824  3.71044  4.00856  2.12562  3.18432  2.28434  3.08879  3.58237  4.08728  3.45646  3.46117  2.51591  2.08315  2.11507  4.85393  3.64531    251 t - - -
          2.68618  4.42225  2.77519  2.73123  3.46354  2.40513  3.72494  3.29354  2.67741  2.69355  4.24690  2.90347  2.73739  3.18146  2.89801  2.37887  2.77519  2.98518  4.58477  3.61503
          0.02059  4.28920  5.01155  0.61958  0.77255  0.54546  0.86649
    149   2.93042  4.31188  4.58977  4.01899  3.33604  4.12534  4.47876  1.62688  3.88124  1.44429  3.25589  4.18960  4.47270  4.08206  4.02358  3.16587  3.16928  1.72536  5.06664  3.89083    252 l - - -
          2.68618  4.42225  2.77519  2.73123  3.46354  2.40513  3.72494  3.29354  2.67741  2.69355  4.24690  2.90347  2.73739  3.18146  2.89801  2.37887  2.77519  2.98518  4.58477  3.61503
          0.02059  4.28920  5.01155  0.61958  0.77255  0.54546  0.86649
    150   2.85104  3.55778  4.46491  3.89555  1.43152  3.97539  4.12142  2.43875  3.74433  2.04185  3.23521  3.99708  4.32082  3.90337  3.85343  3.28306  3.08335  2.22842  4.57119  2.92854    253 f - - -
          2.68618  4.42225  2.77519  2.73123  3.46354  2.40513  3.72494  3.29354  2.67741  2.69355  4.24690  2.90347  2.73739  3.18146  2.89801  2.37887  2.77519  2.98518  4.58477  3.61503
          0.02059  4.28920  5.01155  0.61958  0.77255  0.54546  0.86649
    151   2.14380  4.51959  3.27309  2.71521  3.69504  2.73447  3.77586  2.88356  2.67694  2.60414  3.62759  3.08245  3.92683  3.01712  2.91705  2.48362  2.70628  2.81499  5.09016  3.10121    254 a - - -
          2.68618  4.42225  2.77519  2.73123  3.46354  2.40513  3.72494  3.29354  2.67741  2.69355  4.24690  2.90347  2.73739  3.18146  2.89801  2.37887  2.77519  2.98518  4.58477  3.61503
          0.02059  4.28920  5.01155  0.61958  0.77255  0.54546  0.86649
    152   3.55404  4.81475  4.47322  4.09732  2.06230  4.34312  3.64882  3.45110  3.76148  2.89524  4.06985  4.06050  4.69852  4.06786  4.06823  3.63016  3.79258  3.31630  3.87752  0.74414    255 y - - -
          2.68618  4.42225  2.77519  2.73123  3.46354  2.40513  3.72494  3.29354  2.67741  2.69355  4.24690  2.90347  2.73739  3.18146  2.89801  2.37887  2.77519  2.98518  4.58477  3.61503
          0.02059  4.28920  5.01155  0.61958  0.77255  0.54546  0.86649
    153   2.59937  4.03437  4.51178  3.92125  2.61027  3.84046  4.28787  1.68431  3.76461  1.70520  3.19061  4.03105  4.29695  3.93668  3.81677  3.25974  3.00134  1.95342  4.80757  3.65465    256 i - - -
          2.68618  4.42225  2.77519  2.73123  3.46354  2.40513  3.72494  3.29354  2.67741  2.69355  4.24690  2.90347  2.73739  3.18146  2.89801  2.37887  2.77519  2.98518  4.58477  3.61503
          0.02059  4.28920  5.01155  0.61958  0.77255  0.54546  0.86649
    154   2.98414  4.33844  4.63460  4.06775  1.73940  4.12392  4.21844  2.30243  3.91218  1.52326  3.16166  4.14977  4.43759  4.03132  3.99338  3.43712  3.21077  2.31034  4.59888  2.56287    257 l - - -
          2.68618  4.42225  2.77519  2.73123  3.46354  2.40513  3.72494  3.29354  2.67741  2.69355  4.24690  2.90347  2.73739  3.18146  2.89801  2.37887  2.77519  2.98518  4.58477  3.61503
          0.02684  4.28920  4.36093  0.61958  0.77255  0.54546  0.86649
    155   2.49416  3.68714  4.14893  3.56051  2.12689  3.73632  4.04792  2.30417  3.43012  1.91576  3.20068  3.41035  4.10665  3.64162  3.58529  2.94133  2.62327  2.31754  4.70205  3.47043    258 l - - -
          2.68618  4.42225  2.77519  2.73123  3.46354  2.40513  3.72494  3.29354  2.67741  2.69355  4.24690  2.90347  2.73739  3.18146  2.89801  2.37887  2.77519  2.98518  4.58477  3.61503
          0.02071  4.28308  5.00543  0.61958  0.77255  0.55222  0.85724
    156   2.59969  4.27022  3.68465  3.19265  3.69191  1.35534  4.15546  2.26363  3.15661  2.78605  3.75519  3.51707  4.02572  3.48671  3.47095  2.82283  2.95033  2.64500  5.25746  4.00127    259 g - - -
          2.68618  4.42225  2.77519  2.73123  3.46354  2.40513  3.72494  3.29354  2.67741  2.69355  4.24690  2.90347  2.73739  3.18146  2.89801  2.37887  2.77519  2.98518  4.58477  3.61503
          0.02070  4.28361  5.00595  0.61958  0.77255  0.55272  0.85656
    157   2.62804  4.28816  3.57289  3.01572  2.83401  2.11964  3.88698  2.79613  2.94362  2.31312  3.14979  3.39682  4.00417  3.25446  3.28031  2.50217  2.86318  2.56346  4.88554  3.48843    260 g - - -
          2.68618  4.42225  2.77519  2.73123  3.46354  2.40513  3.72494  3.29354  2.67741  2.69355  4.24690  2.90347  2.73739  3.18146  2.89801  2.37887  2.77519  2.98518  4.58477  3.61503
          0.02070  4.28361  5.00595  0.61958  0.77255  0.55272  0.85656
    158   2.50616  3.55713  4.28067  3.77165  2.48857  3.39241  4.08704  2.35494  3.60084  1.73680  2.67493  3.85608  4.13143  3.77070  3.68335  3.06822  2.85350  2.27320  3.55441  3.46418    261 l - - -
          2.68618  4.42225  2.77519  2.73123  3.46354  2.40513  3.72494  3.29354  2.67741  2.69355  4.24690  2.90347  2.73739  3.18146  2.89801  2.37887  2.77519  2.98518  4.58477  3.61503
          0.02334  4.28361  4.68023  0.61958  0.77255  0.54023  0.87375
    159   2.48663  4.37394  3.56421  3.06603  3.98600  3.32414  4.08107  3.07795  3.01315  2.97545  3.90983  3.38034  3.89832  3.34183  3.37233  1.29549  2.24973  2.68964  5.38628  4.14205    262 s - - -
          2.68618  4.42225  2.77519  2.73123  3.46354  2.40513  3.72494  3.29354  2.67741  2.69355  4.24690  2.90347  2.73739  3.18146  2.89801  2.37887  2.77519  2.98518  4.58477  3.61503
          0.02064  4.28664  5.00898  0.61958  0.77255  0.54880  0.86190
    160   2.73880  4.14158  4.44426  3.85153  2.68443  3.90100  4.22171  1.57121  3.69656  2.10414  2.83279  3.96952  4.25023  3.86999  3.79933  3.20570  2.68325  2.03948  4.77445  3.07681    263 i - - -
          2.68618  4.42225  2.77519  2.73123  3.46354  2.40513  3.72494  3.29354  2.67741  2.69355  4.24690  2.90347  2.73739  3.18146  2.89801  2.37887  2.77519  2.98518  4.58477  3.61503
          0.02064  4.28664  5.00898  0.61958  0.77255  0.54880  0.86190
    161   2.62964  4.13918  4.28839  3.69814  2.28404  3.03063  4.14505  2.28228  3.55945  1.76287  2.47955  3.86187  4.17855  3.75197  3.69827  3.13028  2.93445  2.27024  4.74859  3.56768    264 l - - -
          2.68618  4.42225  2.77519  2.73123  3.46354  2.40513  3.72494  3.29354  2.67741  2.69355  4.24690  2.90347  2.73739  3.18146  2.89801  2.37887  2.77519  2.98518  4.58477  3.61503
          0.02064  4.28680  5.00915  0.61958  0.77255  0.54794  0.86308
    162   2.05511  4.25311  3.68357  3.11753  2.49838  3.62694  3.81804  2.73605  3.03347  2.27149  3.37902  3.46375  4.01998  3.33353  3.35550  2.61068  2.33804  2.48221  4.86276  3.64246    265 a - - -
          2.68618  4.42225  2.77519  2.73123  3.46354  2.40513  3.72494  3.29354  2.67741  2.69355  4.24690  2.90347  2.73739  3.18146  2.89801  2.37887  2.77519  2.98518  4.58477  3.61503
          0.02063  4.28719  5.00953  0.61958  0.77255  0.54255  0.87052
    163   2.72947  4.18413  4.23231  3.65213  2.42530  3.84379  4.13908  2.23927  3.46136  1.43454  3.19225  3.84329  4.07573  3.72924  3.68138  2.77067  2.96335  2.33574  4.75978  3.54552    266 l - - -
          2.68618  4.42225  2.77519  2.73123  3.46354  2.40513  3.72494  3.29354  2.67741  2.69355  4.24690  2.90347  2.73739  3.18146  2.89801  2.37887  2.77519  2.98518  4.58477  3.61503
          0.02058  4.28975  5.01210  0.61958  0.77255  0.54496  0.86718
    164   2.61815  4.05315  2.90025  2.84804  3.49656  3.58079  3.82860  2.48788  2.81374  2.62779  3.51208  3.12187  3.96380  3.12596  3.19075  2.37991  2.74358  2.57030  4.98468  2.48483    267 s - - -
          2.68618  4.42225  2.77519  2.73123  3.46354  2.40513  3.72494  3.29354  2.67741  2.69355  4.24690  2.90347  2.73739  3.18146  2.89801  2.37887  2.77519  2.98518  4.58477  3.61503
          0.02058  4.28975  5.01210  0.61958  0.77255  0.54496  0.86718
    165   2.09467  3.96151  4.10281  3.51507  3.19631  3.40273  4.03230  2.36198  3.39135  2.13210  2.26915  3.68235  4.08696  3.60932  3.51367  2.97385  2.85379  2.18164  3.93014  3.51565    268 a - - -
          2.68618  4.42225  2.77519  2.73123  3.46354  2.40513  3.72494  3.29354  2.67741  2.69355  4.24690  2.90347  2.73739  3.18146  2.89801  2.37887  2.77519  2.98518  4.58477  3.61503
          0.02058  4.28975  5.01210  0.61958  0.77255  0.54496  0.86718
    166   2.71167  4.24618  3.97077  3.40030  3.02157  3.77542  4.07152  2.54990  3.28755  1.29645  3.14258  3.34280  3.99444  3.55253  3.51687  3.05613  2.78152  2.40134  4.83847  3.62710    269 l - - -
          2.68618  4.42225  2.77519  2.73123  3.46354  2.40513  3.72494  3.29354  2.67741  2.69355  4.24690  2.90347  2.73739  3.18146  2.89801  2.37887  2.77519  2.98518  4.58477  3.61503
          0.02058  4.28975  5.01210  0.61958  0.77255  0.50624  0.92321
    167   2.95378  4.31705  4.41299  4.12244  2.96919  4.16843  4.50766  1.74259  3.97428  1.40986  2.59785  4.24933  4.47692  4.11907  4.06420  3.47911  3.16686  1.86066  4.98808  3.84249    270 l - - -
          2.68618  4.42225  2.77519  2.73123  3.46354  2.40513  3.72494  3.29354  2.67741  2.69355  4.24690  2.90347  2.73739  3.18146  2.89801  2.37887  2.77519  2.98518  4.58477  3.61503
          0.02022  4.30713  5.02947  0.61958  0.77255  0.52180  0.90005
    168   2.62669  4.24355  3.52524  2.96099  2.92234  3.60339  3.87569  2.75447  2.91189  2.57291  3.44647  3.13236  3.99301  3.21466  3.26194  2.36527  1.84978  2.62942  4.93525  3.40818    271 t - - -
          2.68618  4.42225  2.77519  2.73123  3.46354  2.40513  3.72494  3.29354  2.67741  2.69355  4.24690  2.90347  2.73739  3.18146  2.89801  2.37887  2.77519  2.98518  4.58477  3.61503
          0.02499  4.30713  4.49106  0.61958  0.77255  0.46772  0.98464
    169   2.63427  4.16678  3.92925  2.73980  3.12003  3.71142  4.00095  2.09741  3.25406  2.02730  2.63103  3.62284  4.07164  3.50144  3.48551  2.79650  2.73152  2.41204  4.77277  3.04237    272 l - - -
          2.68618  4.42225  2.77519  2.73123  3.46354  2.40513  3.72494  3.29354  2.67741  2.69355  4.24690  2.90347  2.73739  3.18146  2.89801  2.37887  2.77519  2.98518  4.58477  3.61503
          0.01983  4.32651  5.04886  0.61958  0.77255  0.49481  0.94080
    170   2.73536  5.23548  2.35032  1.92672  4.50767  3.14401  3.67394  4.04385  2.36115  3.49209  4.29122  2.28145  3.85524  2.78591  2.91953  2.13072  2.97516  3.61675  5.67644  4.24478    273 e - - -
          2.68618  4.42213  2.77520  2.73123  3.46354  2.40513  3.72495  3.29354  2.67741  2.69355  4.24690  2.90347  2.73740  3.18146  2.89801  2.37886  2.77519  2.98518  4.58477  3.61503
          0.05282  3.61645  3.70610  0.54714  0.86418  0.49074  0.94719
    171   2.63003  4.45916  3.35337  2.79108  3.60478  3.56079  3.75831  2.64176  2.61178  2.65654  3.55759  2.89294  2.78608  3.07777  3.14582  2.52416  2.85924  2.32697  5.02569  2.99583    275 v - - -
          2.68618  4.42225  2.77519  2.73123  3.46354  2.40513  3.72494  3.29354  2.67741  2.69355  4.24690  2.90347  2.73739  3.18146  2.89801  2.37887  2.77519  2.98518  4.58477  3.61503
          0.02058  4.28935  5.01169  0.61958  0.77255  0.51727  0.90671
    172   2.97283  5.25696  2.71895  2.49765  4.56511  3.50786  3.72079  4.05054  2.40856  3.55573  4.41161  2.97303  3.93238  1.15009  2.79201  2.94333  3.21886  3.68918  5.68672  4.33933    276 q - - -
          2.68618  4.42225  2.77519  2.73123  3.46354  2.40513  3.72494  3.29354  2.67741  2.69355  4.24690  2.90347  2.73739  3.18146  2.89801  2.37887  2.77519  2.98518  4.58477  3.61503
          0.02058  4.28935  5.01169  0.61958  0.77255  0.51727  0.90671
    173   2.84180  4.95427  2.85862  2.63645  4.05768  3.43279  3.89538  3.68727  2.75261  3.43799  4.33234  1.08670  4.00453  3.14857  3.14176  2.82571  3.15298  3.46888  5.43834  3.79409    277 n - - -
          2.68618  4.42225  2.77519  2.73123  3.46354  2.40513  3.72494  3.29354  2.67741  2.69355  4.24690  2.90347  2.73739  3.18146  2.89801  2.37887  2.77519  2.98518  4.58477  3.61503
          0.02320  4.28935  4.68598  0.61958  0.77255  0.51727  0.90671
    174   2.96469  3.99290  4.66191  4.10513  3.49960  4.21197  4.63720  1.12020  3.96819  1.91591  3.40287  4.06493  4.55270  4.19740  4.12564  3.48997  3.20610  1.76999  5.21313  4.01548    278 i - - -
          2.68618  4.42225  2.77519  2.73123  3.46354  2.40513  3.72494  3.29354  2.67741  2.69355  4.24690  2.90347  2.73739  3.18146  2.89801  2.37887  2.77519  2.98518  4.58477  3.61503
          0.02064  4.28678  5.00913  0.61958  0.77255  0.52070  0.90165
    175   2.95716  4.34986  4.56260  3.98414  3.20074  4.13481  4.41496  1.16587  3.80654  1.79744  3.17228  4.15580  4.45115  4.01582  3.95035  3.44846  3.12485  2.16985  4.30770  3.58522    279 i - - -
          2.68618  4.42225  2.77519  2.73123  3.46354  2.40513  3.72494  3.29354  2.67741  2.69355  4.24690  2.90347  2.73739  3.18146  2.89801  2.37887  2.77519  2.98518  4.58477  3.61503
          0.02446  4.28678  4.56434  0.61958  0.77255  0.52070  0.90165
    176   2.64533  4.17147  3.93125  3.09939  3.29127  3.12277  4.01765  2.13552  3.19585  2.03914  3.09777  3.63130  4.09389  3.51026  3.49639  2.99600  2.69616  1.84042  4.79722  3.59562    280 v - - -
          2.68618  4.42225  2.77519  2.73123  3.46354  2.40513  3.72494  3.29354  2.67741  2.69355  4.24690  2.90347  2.73739  3.18146  2.89801  2.37887  2.77519  2.98518  4.58477  3.61503
          0.02072  4.28303  5.00538  0.61958  0.77255  0.52568  0.89441
    177   3.71944  4.47274  4.87702  4.54385  0.97483  4.53030  3.65765  3.39159  4.37013  2.78499  4.02220  4.25670  4.83952  4.31462  4.37284  3.88832  3.94331  3.31453  3.79654  1.34869    281 f - - -
          2.68618  4.42225  2.77519  2.73123  3.46354  2.40513  3.72494  3.29354  2.67741  2.69355  4.24690  2.90347  2.73739  3.18146  2.89801  2.37887  2.77519  2.98518  4.58477  3.61503
          0.02096  4.28303  4.97051  0.61958  0.77255  0.51732  0.90663
    178   3.14399  4.47215  4.91814  4.34238  2.44404  4.39565  4.69711  1.33282  4.19790  1.48173  3.09792  4.47653  4.65599  4.30280  4.24186  3.72756  3.37168  2.04741  5.07220  3.76230    282 i - - -
          2.68618  4.42225  2.77519  2.73123  3.46354  2.40513  3.72494  3.29354  2.67741  2.69355  4.24690  2.90347  2.73739  3.18146  2.89801  2.37887  2.77519  2.98518  4.58477  3.61503
          0.02064  4.28654  5.00889  0.61958  0.77255  0.52102  0.90119
    179   2.07106  3.41602  3.75319  3.17945  3.28810  3.16245  3.94128  2.55804  3.10614  2.39398  3.07698  3.49614  4.03454  3.37596  3.39022  2.67889  2.34314  2.37490  4.81630  3.33233    283 a - - -
          2.68618  4.42225  2.77519  2.73123  3.46354  2.40513  3.72494  3.29354  2.67741  2.69355  4.24690  2.90347  2.73739  3.18146  2.89801  2.37887  2.77519  2.98518  4.58477  3.61503
          0.02751  4.28654  4.31386  0.61958  0.77255  0.52102  0.90119
    180   2.77176  4.36098  3.79582  3.00913  3.17608  3.63300  3.91721  2.77870  3.02615  2.18251  3.46874  3.56461  4.13457  3.40907  3.27581  3.03335  3.00763  2.62506  1.66405  3.33203    284 w - - -
          2.68618  4.42225  2.77519  2.73123  3.46354  2.40513  3.72494  3.29354  2.67741  2.69355  4.24690  2.90347  2.73739  3.18146  2.89801  2.37887  2.77519  2.98518  4.58477  3.61503
          0.02235  4.27982  4.79686  0.61958  0.77255  0.52992  0.88832
    181   2.69212  3.97542  4.21701  3.72365  2.91458  3.10737  4.17443  1.63421  3.58610  1.97247  3.17100  3.88158  4.20696  3.78654  3.72646  3.14627  2.93005  1.95315  4.78771  3.59132    285 i - - -
          2.68618  4.42225  2.77519  2.73123  3.46354  2.40513  3.72494  3.29354  2.67741  2.69355  4.24690  2.90347  2.73739  3.18146  2.89801  2.37887  2.77519  2.98518  4.58477  3.61503
          0.02660  4.27828  4.39176  0.61958  0.77255  0.53131  0.88633
    182   2.24485  4.02702  4.10182  3.51540  2.88563  3.15561  4.04129  2.16557  3.38885  2.19616  2.67274  3.71947  4.10230  3.61378  3.57283  2.97040  2.59815  2.07610  4.71921  3.52755    286 v - - -
          2.68618  4.42225  2.77519  2.73123  3.46354  2.40513  3.72494  3.29354  2.67741  2.69355  4.24690  2.90347  2.73739  3.18146  2.89801  2.37887  2.77519  2.98518  4.58477  3.61503
          0.02093  4.27290  4.99525  0.61958  0.77255  0.52460  0.89598
    183   2.42907  4.13712  4.06118  3.47566  3.25695  3.39708  4.06200  2.13112  3.36760  2.21736  2.08821  3.61552  4.11932  3.60207  3.56925  3.00812  2.78584  2.06663  4.77543  3.58058    287 v - - -
          2.68618  4.42225  2.77519  2.73123  3.46354  2.40513  3.72494  3.29354  2.67741  2.69355  4.24690  2.90347  2.73739  3.18146  2.89801  2.37887  2.77519  2.98518  4.58477  3.61503
          0.02079  4.27940  5.00174  0.61958  0.77255  0.51983  0.90293
    184   2.67259  4.16002  4.07987  3.49921  2.79461  3.77889  4.08349  2.03631  3.34187  2.20569  3.24686  3.72551  4.14524  3.62203  3.59230  3.03338  1.87805  2.14142  4.79022  3.46224    288 t - - -
          2.68618  4.42225  2.77519  2.73123  3.46354  2.40513  3.72494  3.29354  2.67741  2.69355  4.24690  2.90347  2.73739  3.18146  2.89801  2.37887  2.77519  2.98518  4.58477  3.61503
          0.02069  4.28418  5.00653  0.61958  0.77255  0.52416  0.89662
    185   2.36594  4.14835  4.20230  3.61089  2.99117  3.81545  4.12930  2.17780  3.49080  1.98497  1.93891  3.75634  4.17651  3.70384  3.65950  2.98379  2.92638  2.24635  4.77918  3.59280    289 m - - -
          2.68618  4.42225  2.77519  2.73123  3.46354  2.40513  3.72494  3.29354  2.67741  2.69355  4.24690  2.90347  2.73739  3.18146  2.89801  2.37887  2.77519  2.98518  4.58477  3.61503
          0.02126  4.28418  4.92657  0.61958  0.77255  0.52416  0.89662
    186   2.51684  3.41644  4.21457  3.62253  2.45339  2.76729  4.06345  2.29237  3.48223  1.86399  2.96650  3.77932  3.99069  3.68167  3.61630  3.02527  2.85861  2.28487  4.68890  3.49422    290 l - - -
          2.68618  4.42225  2.77519  2.73123  3.46354  2.40513  3.72494  3.29354  2.67741  2.69355  4.24690  2.90347  2.73739  3.18146  2.89801  2.37887  2.77519  2.98518  4.58477  3.61503
          0.02070  4.28363  5.00597  0.61958  0.77255  0.52490  0.89555
    187   3.59449  4.85837  4.71108  4.37198  0.75095  4.44065  3.85357  3.09394  4.19366  2.34985  3.74091  4.26566  4.78972  4.16620  4.26633  3.79866  3.84974  3.08938  4.02913  2.30468    291 f - - -
          2.68618  4.42225  2.77519  2.73123  3.46354  2.40513  3.72494  3.29354  2.67741  2.69355  4.24690  2.90347  2.73739  3.18146  2.89801  2.37887  2.77519  2.98518  4.58477  3.61503
          0.02070  4.28363  5.00597  0.61958  0.77255  0.52490  0.89555
    188   2.79923  4.25277  4.26655  3.69804  1.59627  3.89626  4.10650  2.53687  3.55926  1.90227  2.66419  3.79039  4.25356  3.76641  3.72260  2.95973  3.03407  2.39800  4.65808  3.33032    292 f - - -
          2.68618  4.42225  2.77519  2.73123  3.46354  2.40513  3.72494  3.29354  2.67741  2.69355  4.24690  2.90347  2.73739  3.18146  2.89801  2.37887  2.77519  2.98518  4.58477  3.61503
          0.02070  4.28363  5.00597  0.61958  0.77255  0.52490  0.89555
    189   2.87687  3.65571  4.53523  3.95090  2.08781  4.02592  4.27347  2.38680  3.79528  1.25864  3.11320  4.07527  4.35371  3.89931  3.85809  3.32480  3.10670  2.34943  4.75064  3.40407    293 l - - -
          2.68618  4.42225  2.77519  2.73123  3.46354  2.40513  3.72494  3.29354  2.67741  2.69355  4.24690  2.90347  2.73739  3.18146  2.89801  2.37887  2.77519  2.98518  4.58477  3.61503
          0.02093  4.28363  4.97334  0.61958  0.77255  0.52490  0.89555
    190   2.66224  4.14337  4.33838  3.75078  3.18993  3.86606  4.20015  2.03536  3.51744  1.72078  2.61705  3.90897  4.22893  3.80920  3.74861  2.92835  2.93899  1.79101  4.80522  3.62350    294 l - - -
          2.68618  4.42225  2.77519  2.73123  3.46354  2.40513  3.72494  3.29354  2.67741  2.69355  4.24690  2.90347  2.73739  3.18146  2.89801  2.37887  2.77519  2.98518  4.58477  3.61503
          0.02071  4.28340  5.00575  0.61958  0.77255  0.52519  0.89512
    191   2.84012  5.06962  2.68973  2.47238  4.49599  3.39257  3.71491  3.98811  2.64453  3.55448  4.39185  1.18430  3.89887  3.04803  3.11520  2.59694  3.08522  3.55754  5.71879  4.32212    295 n - - -
          2.68618  4.42225  2.77519  2.73123  3.46354  2.40513  3.72494  3.29354  2.67741  2.69355  4.24690  2.90347  2.73739  3.18146  2.89801  2.37887  2.77519  2.98518  4.58477  3.61503
          0.02071  4.28340  5.00575  0.61958  0.77255  0.52519  0.89512
    192   2.76053  4.03187  4.29869  3.71342  3.25520  3.90098  4.22314  1.79415  3.53946  2.15449  1.91069  3.90669  4.25335  3.79041  3.36929  3.19981  2.99001  2.02384  4.85572  3.64879    296 i - - -
          2.68618  4.42225  2.77519  2.73123  3.46354  2.40513  3.72494  3.29354  2.67741  2.69355  4.24690  2.90347  2.73739  3.18146  2.89801  2.37887  2.77519  2.98518  4.58477  3.61503
          0.02308  4.28340  4.70835  0.61958  0.77255  0.48647  0.95398
    193   2.08911  3.97395  3.03120  2.63821  3.83018  3.22778  3.30376  3.21524  2.62096  2.74705  3.72904  3.11152  3.89394  2.95431  3.05170  2.27183  2.50452  2.76050  5.18270  3.88503    297 a - - -
          2.68618  4.42225  2.77519  2.73123  3.46354  2.40513  3.72494  3.29354  2.67741  2.69355  4.24690  2.90347  2.73739  3.18146  2.89801  2.37887  2.77519  2.98518  4.58477  3.61503
          0.02302  4.29860  4.69195  0.61958  0.77255  0.50470  0.92555
    194   2.60485  4.57725  3.23433  2.62516  3.75257  3.51237  3.69427  3.17327  2.67390  2.24626  3.71012  3.16953  3.46522  3.01980  3.06492  1.73919  2.85920  2.86887  5.16337  3.88733    298 s - - -
          2.68618  4.42225  2.77519  2.73123  3.46354  2.40513  3.72494  3.29354  2.67741  2.69355  4.24690  2.90347  2.73739  3.18146  2.89801  2.37887  2.77519  2.98518  4.58477  3.61503
          0.02045  4.29603  5.01838  0.61958  0.77255  0.50822  0.92021
    195   2.93208  4.31420  4.62271  4.04465  2.99172  4.13803  4.43695  1.19012  3.89830  1.92052  3.19975  4.13605  4.45643  4.06831  4.01342  3.45339  3.17106  1.94371  4.57343  3.63500    299 i - - -
          2.68618  4.42225  2.77519  2.73123  3.46354  2.40513  3.72494  3.29354  2.67741  2.69355  4.24690  2.90347  2.73739  3.18146  2.89801  2.37887  2.77519  2.98518  4.58477  3.61503
          0.02045  4.29603  5.01838  0.61958  0.77255  0.50507  0.92499
    196   2.62634  4.19306  3.81527  3.23983  3.17932  2.75719  3.84663  1.96632  3.15739  2.28304  3.30473  3.54302  4.05198  3.37607  3.42333  2.50887  2.84506  2.25341  4.79331  3.27511    300 i - - -
          2.68618  4.42225  2.77519  2.73123  3.46354  2.40513  3.72494  3.29354  2.67741  2.69355  4.24690  2.90347  2.73739  3.18146  2.89801  2.37887  2.77519  2.98518  4.58477  3.61503
          0.03444  4.29742  3.89948  0.61958  0.77255  0.50448  0.92588
    197   2.74026  5.00855  1.69003  2.34798  4.44871  3.09394  3.68292  3.45665  2.51435  3.44740  4.23355  2.17074  3.86962  2.83796  3.00740  2.71280  2.98848  3.50977  5.62534  4.22697    301 d - - -
          2.68618  4.42225  2.77519  2.73123  3.46354  2.40513  3.72494  3.29354  2.67741  2.69355  4.24690  2.90347  2.73739  3.18146  2.89801  2.37887  2.77519  2.98518  4.58477  3.61503
          0.02752  4.28451  4.31502  0.61958  0.77255  0.52283  0.89855
    198   2.78663  5.17055  2.92089  2.26395  4.51684  3.31189  3.67360  3.94220  1.39013  3.43362  4.24150  2.78721  3.91004  2.79322  2.62229  2.61660  2.95341  3.56836  5.58962  4.24324    302 k - - -
          2.68618  4.42225  2.77519  2.73123  3.46354  2.40513  3.72494  3.29354  2.67741  2.69355  4.24690  2.90347  2.73739  3.18146  2.89801  2.37887  2.77519  2.98518  4.58477  3.61503
          0.02082  4.27821  5.00056  0.61958  0.77255  0.53202  0.88532
    199   2.83811  5.12785  3.01646  2.54552  4.51539  3.52020  3.70704  3.93289  1.39850  3.42451  4.19521  2.16282  3.95084  2.83444  2.61546  2.80727  2.88771  3.54557  5.57851  4.26662    303 k - - -
          2.68618  4.42225  2.77519  2.73123  3.46354  2.40513  3.72494  3.29354  2.67741  2.69355  4.24690  2.90347  2.73739  3.18146  2.89801  2.37887  2.77519  2.98518  4.58477  3.61503
          0.02418  4.26032  4.62820  0.61958  0.77255  0.53202  0.88532
    200   2.61875  4.30721  4.53270  3.99069  3.54079  4.07864  4.54285  1.46357  3.87207  2.34899  3.45373  4.14339  4.42927  4.12132  4.05875  3.43142  3.16412  1.23946  5.23432  4.03051    304 v - - -
          2.68618  4.42225  2.77519  2.73123  3.46354  2.40513  3.72494  3.29354  2.67741  2.69355  4.24690  2.90347  2.73739  3.18146  2.89801  2.37887  2.77519  2.98518  4.58477  3.61503
          0.02126  4.25740  4.97975  0.61958  0.77255  0.53495  0.88116
    201   2.72923  4.84931  3.12107  2.58375  3.97196  3.53640  1.94011  3.49111  2.30808  3.07313  3.90110  2.96864  3.92514  2.86848  2.56546  2.76126  2.94498  3.18869  5.26305  2.95197    305 h - - -
          2.68618  4.42225  2.77519  2.73123  3.46354  2.40513  3.72494  3.29354  2.67741  2.69355  4.24690  2.90347  2.73739  3.18146  2.89801  2.37887  2.77519  2.98518  4.58477  3.61503
          0.02277  4.25778  4.78423  0.61958  0.77255  0.53529  0.88068
    202   2.51013  4.20931  4.48672  3.94719  3.60086  4.06232  4.59455  1.77772  3.80578  2.39544  3.49924  4.08800  4.48066  4.09577  4.04104  3.40733  3.16601  1.06207  5.27690  4.03890    306 v - - -
          2.68618  4.42225  2.77519  2.73123  3.46354  2.40513  3.72494  3.29354  2.67741  2.69355  4.24690  2.90347  2.73739  3.18146  2.89801  2.37887  2.77519  2.98518  4.58477  3.61503
          0.02152  4.25629  4.94543  0.61958  0.77255  0.53514  0.88089
    203   2.70704  4.13340  4.02586  3.46789  2.90951  3.80239  4.06601  1.53368  2.77458  2.07789  3.26660  3.71183  4.16434  3.60092  3.55861  3.08734  2.93981  2.27381  4.82226  3.59069    307 i - - -
          2.68618  4.42225  2.77519  2.73123  3.46354  2.40513  3.72494  3.29354  2.67741  2.69355  4.24690  2.90347  2.73739  3.18146  2.89801  2.37887  2.77519  2.98518  4.58477  3.61503
          0.02249  4.25699  4.81896  0.61958  0.77255  0.53629  0.87927
    204   2.63045  4.13271  4.00772  3.42432  2.89131  3.72273  4.01564  2.28374  2.87633  1.63205  2.99132  3.66730  4.09026  3.54893  3.52030  2.81778  2.84741  2.35384  4.73583  3.28784    308 l - - -
          2.68618  4.42225  2.77519  2.73123  3.46354  2.40513  3.72494  3.29354  2.67741  2.69355  4.24690  2.90347  2.73739  3.18146  2.89801  2.37887  2.77519  2.98518  4.58477  3.61503
          0.02492  4.25580  4.56336  0.61958  0.77255  0.53781  0.87713
    205   3.00510  5.16722  3.45245  2.77202  4.54694  3.68936  3.65956  3.90053  1.19897  2.85625  4.24436  3.22030  4.04245  2.82405  1.96961  2.99929  3.13542  3.57134  5.50087  4.28400    309 k - - -
          2.68618  4.42225  2.77519  2.73123  3.46354  2.40513  3.72494  3.29354  2.67741  2.69355  4.24690  2.90347  2.73739  3.18146  2.89801  2.37887  2.77519  2.98518  4.58477  3.61503
          0.08675  4.25225  2.67562  0.61958  0.77255  0.54230  0.87086
    206   2.63046  4.88705  2.94912  2.31501  4.23924  3.42567  3.61754  3.40895  2.11298  3.22575  4.01754  2.28897  3.81934  2.73472  2.70396  2.34464  2.59993  3.30458  5.37961  4.06640    310 k - - -
          2.68618  4.42225  2.77519  2.73123  3.46354  2.40513  3.72494  3.29354  2.67741  2.69355  4.24690  2.90347  2.73739  3.18146  2.89801  2.37887  2.77519  2.98518  4.58477  3.61503
          0.13234  4.18829  2.21835  0.61958  0.77255  0.61756  0.77492
    207   2.62684  4.90615  2.92876  2.39730  4.17443  3.41281  3.49621  3.39173  2.21745  3.17396  3.97351  2.12336  3.71348  2.44209  2.77621  2.55426  2.85315  3.25965  5.32688  3.81254    311 n - - -
          2.68627  4.42238  2.77531  2.73100  3.46349  2.40516  3.72498  3.29344  2.67696  2.69365  4.24693  2.90355  2.73754  3.18157  2.89801  2.37898  2.77523  2.98511  4.58492  3.61482
          0.44554  1.02297        *  0.91117  0.51426  0.00000        *
//
